1020222.017
721862.6441
589600.9375
511032.9863
457216.0894
417472.1477
386388.6795
361288.883
340493.9835
322816.3341
307610.6822
282840.6993
263318.2767
247382.3905
234009.9941
217540.7944
204059.1841
192802.9863
180368.5692
167701.179
157257.1791
146955.471
137102.2645
128930.7685
120352.9993
112750.6745
105326.1457
98801.55379
92612.2539
86830.61145
81466.15954
76100.656
71223.3117
66610.47432
62289.32063
58208.58974
54348.62864
50934.24597
47649.94907
44685.82872
41939.29467
39365.80573
36942.05238
34542.04316
32116.59653
29783.65583
27644.00044
25653.0205
23859.61918
22287.83815
20846.04318
19545.44221
18400.27224
17459.36222
16637.39449
15859.28071
14932.1431
13965.25667
12962.94209
11933.7347
10978.7964
10190.02449
9560.997448
8945.548654
8438.334783
7910.743247
7357.817957
6792.528159
6168.335309
5630.167139
5251.722017
4990.083672
4765.927664
4646.825453
4662.908394
4555.091525
4522.863278
4607.509807
4704.49342
4730.248671
4749.73544
4696.33273
4494.252223
4153.102014
3621.409927
2930.963943
2253.557069
1813.876827
1661.035962
1583.544276
1568.297411
1899.604394
