0.2687942368
0.1900677248
0.1553097589
0.1345804393
0.1203583731
0.1098729823
0.1017140687
0.09513450467
0.08968802757
0.08511251831
0.08116769648
0.07771353443
0.07467067021
0.07195645068
0.06952082035
0.06732111615
0.06532207105
0.0634803749
0.06177666154
0.06020676589
0.05874647675
0.05738106674
0.05610623733
0.05491249749
0.05379508766
0.05274036502
0.05174619856
0.05080271114
0.04991307586
0.04906230279
0.0482530729
0.04747828692
0.04674253867
0.04603802637
0.04536588563
0.04472428464
0.04411428569
0.04352688545
0.04296155901
0.04241976296
0.04189955847
0.04140326484
0.04092430925
0.04046411151
0.04001923066
0.03958641146
0.03916623165
0.03875631974
0.03835965343
0.03797348962
0.03759867567
0.03723488122
0.03688136396
0.03653838325
0.03620293461
0.03587823825
0.0355622453
0.03525362029
0.03495211861
0.03465898506
0.03437269549
0.03409305728
0.03382117978
0.03355621919
0.03329622301
0.03304104248
0.03279146213
0.0325466851
0.03230656096
0.03207114572
0.03184020452
0.03161437474
0.03139395773
0.03117629307
0.03096340535
0.03075366541
0.03054763318
0.03034642605
0.03014944568
0.02995597233
0.02976663533
0.02958007428
0.02939540405
0.02921352152
0.02903515424
0.02885982338
0.02868781741
0.02851840774
0.02835153401
0.02818882207
0.02802751555
0.02786963169
0.02771424167
0.027561439
0.02741124419
0.02726450668
0.02711998617
0.02697813987
0.02683891071
0.02670135089
0.02656710791
0.02643510851
0.02630490057
0.02617753374
0.02605274424
0.02593036067
0.02580981728
0.02569131484
0.02557480024
0.02546000198
0.02534526247
0.02523170018
0.02511922674
0.02500787055
0.02489791054
0.02478986012
0.02468408129
0.02458010438
0.02447734731
0.02437635304
0.02427691808
0.0241787245
0.0240821883
0.02398653266
0.02389205402
0.02379906545
0.02370651828
0.02361508471
0.02352481799
0.02343540997
0.02334654237
0.02325879072
0.02317180696
0.02308587451
0.02300115939
0.02291742028
0.02283507773
0.02275399323
0.02267339416
0.02259364021
0.02251472701
0.02243634374
0.02235831219
0.022280794
0.02220384284
0.02212766859
0.02205253932
0.02197836128
0.02190512397
0.02183234002
0.02176062655
0.02168998468
0.02162021189
0.021551222
0.02148325269
0.02141548948
0.02134802598
0.02128125224
0.0212150789
0.02114989057
0.02108523259
0.02102151141
0.02095843392
0.0208958697
0.02083459523
0.02077425862
0.02071439084
0.02065495319
0.02059592595
0.02053759178
0.02047976539
0.02042249171
0.02036560831
0.02030939045
0.02025354774
0.02019792444
0.02014257149
0.02008735099
0.02003229295
0.01997809155
0.01992427919
0.01987118707
0.01981856003
0.01976632177
0.01971478421
0.01966383097
0.01961339018
0.01956327604
0.01951359786
0.01946424107
0.0194149536
0.01936588956
0.01931749369
0.01926919926
0.01922108329
0.01917297447
0.01912502462
0.01907779335
0.01903096998
0.01898455364
0.01893849413
0.01889254242
0.01884677544
0.01880145608
0.0187564939
0.01871208336
0.01866803596
0.01862406332
0.01858037295
0.018536858
0.01849358398
0.01845059887
0.01840791932
0.01836586827
0.01832419668
0.01828287593
0.01824149819
0.01820048867
0.0181598953
0.01811948088
0.01807945453
0.01803987278
0.01800047481
0.01796127636
0.01792244963
0.01788399325
0.0178458705
0.01780789492
0.01776996773
0.01773241946
0.01769482847
0.01765751736
0.01762013241
0.01758292774
0.01754593914
0.0175092257
0.01747282151
0.01743671196
0.01740089346
0.01736537851
0.01729446673
0.01725941688
0.01722437969
0.01718975373
0.01715511754
0.01712078876
0.01708671506
0.01705287371
0.01701928717
0.01698576199
0.01695243201
0.01691947772
0.01685413165
0.01682163949
0.01678931133
0.01675739733
0.01672580162
0.01669449096
0.01666352553
0.01663293029
0.01657243044
0.01654246335
0.01651262046
0.01648289655
0.01645336413
0.01642392826
0.01636543625
0.0163361858
0.01630708192
0.01627806712
0.01624914991
0.01619163555
0.01616316632
0.01613486888
0.01610680618
0.01605105063
0.01602366487
0.01599652128
0.01596966128
0.01591659228
0.01589029221
0.01586427273
0.01583837895
0.01578749952
0.01576230342
0.01573731173
0.01571254788
0.01566322115
0.01563869814
0.01561431532
0.01556598439
0.01554196446
0.01551798784
0.01547032309
0.01544663802
0.01542320056
0.0153766815
0.0153535627
0.01533066897
0.01528532298
0.01526292227
0.01521818867
0.01519599537
0.01517390582
0.01512981479
0.01510794021
0.0150646464
0.0150431902
0.01502171948
0.01497923443
0.01495806624
0.01491598213
0.01489509502
0.01485348601
0.01483296491
0.01479217261
0.01477191139
0.01475161396
0.01471103892
0.01469092339
0.01465099953
0.01463118433
0.01459176626
0.01455248626
0.01453308376
0.01449465015
0.0144756098
0.01443793564
0.01441926701
0.01438238821
0.01436400454
0.01432724488
0.0143089343
0.01427241744
0.01423589544
0.01421772798
0.01418159472
0.01414577836
0.01412787557
0.0140921507
0.01407427467
0.01403870455
0.0140036253
0.01398611608
0.01395113139
0.01391638677
0.01389922096
0.01386494701
0.01383092417
0.01381409158
0.01378052486
0.01374742227
0.01371480186
0.01369855148
0.01366619687
0.01363380774
0.01360152976
0.01358541116
0.01355341582
0.01352164843
0.01349006042
0.01345858459
0.01344280036
0.01341160417
0.01338060091
0.01334987621
0.01331950969
0.0133044013
0.01327423746
0.01324407501
0.01321395396
0.01318384065
0.01315380966
0.01312390486
0.01309430826
0.01306506027
0.01305041149
0.01302117468
0.0129922306
0.01296363176
0.01293542445
0.01290741332
0.01287942818
0.01285158463
0.01282417815
0.0127969978
0.01277015916
0.01274352658
0.01271706353
0.01269081755
0.01266485146
0.01263903017
0.01261333862
0.01258790245
0.01256237198
0.01252414816
0.01249872532
0.01247358779
0.0124487595
0.01242412755
0.01239966027
0.01237518084
0.01235068013
0.01231404843
0.0122897494
0.01226548064
0.01224132688
0.01221718714
0.01218147313
0.01215802386
0.01213461436
0.01211152634
0.01208839833
0.01205375897
0.01203065986
0.01200766761
0.01197328494
0.01195045871
0.01192766878
0.0119048733
0.01187112872
0.01184892605
0.01182683025
0.01179394513
0.01177223717
0.01173994402
0.01171869052
0.01169760904
0.01166620951
0.01164553724
0.01161464854
0.01159425549
0.01156378778
0.01154361291
0.01152353839
0.01149330606
0.01147322018
0.01144334334
0.0114235709
0.01139426693
0.01136507242
0.01134549816
0.01131609599
0.01129648448
0.01126711238
0.01124769133
0.01121857022
0.01118967412
0.01117045613
0.01114184769
0.011113344
0.011094357
0.01106587162
0.01103729384
0.01101824298
0.01099000142
0.01096217682
0.01093482213
0.01091662144
0.01088933352
0.01086224108
0.01083552714
0.01081798527
0.01079190187
0.01076591049
0.01073999724
0.01071437343
0.01068893811
0.01067194524
0.01064637837
0.01062087334
0.0105953564
0.01057000669
0.01054506758
0.0105203169
0.01049575388
0.01047136144
0.01044701973
0.01042286434
0.01039880701
0.01037483467
0.01035102852
0.01032711409
0.0103034467
0.01027984628
0.01025624381
0.01023291376
0.01020205423
0.01017910847
0.01015643749
0.01013399757
0.0101118662
0.01008992619
0.01006102924
0.01003961656
0.01001829151
0.009997082129
0.0099687452
0.009947766668
0.009927105619
0.009906596253
0.009879380549
0.009859089964
0.009838990702
0.009812249119
0.009792269814
0.009765736694
0.009745852255
0.009725975858
0.009699572019
0.009679837036
0.009653647673
0.00963419416
0.009608574971
0.009589678553
0.009564757625
0.00954619195
0.009521528055
0.009496998189
0.009478674487
0.009454411011
0.009436207281
0.00941204282
0.009387831874
0.009369770886
0.009345909054
0.009322412817
0.009304798795
0.009281556865
0.009258705551
0.009236386769
0.00921437709
0.009197845743
0.009175762484
0.009153677563
0.00913197849
0.00911028473
0.009088706388
0.009067305628
0.009051449961
0.009030335349
0.009009519277
0.008988789867
0.008968221982
0.008947771188
0.008927306689
0.008907085991
0.008886890062
0.008861781699
0.00884199271
0.008822463187
0.008802947625
0.008783702878
0.008764491074
0.008745459794
0.008721885696
0.008703115381
0.008684315773
0.008665585632
0.008642811058
0.008624926114
0.00860730155
0.008585608157
0.008568248074
0.008550854053
0.008529360896
0.008512312867
0.008491003701
0.008474057797
0.008452795793
0.008435958801
0.008415287038
0.008399039142
0.008378900434
0.008362868265
0.008342887392
0.008322944822
0.00830713351
0.008287399018
0.008271533772
0.008251712771
0.008232080766
0.008212714875
0.008197302442
0.008178190879
0.008159094274
0.008140238016
0.008121526326
0.008102700517
0.008087726225
0.008069136804
0.008050845034
0.008032748828
0.008014735885
0.007997015492
0.007979439521
0.007961905896
0.0079444527
0.007927124648
0.007906742669
0.007889999452
0.007873570687
0.007857335132
0.007841161721
0.007825103191
0.007805866357
0.0077899519
0.007774153984
0.007755361553
0.007739936118
0.007724731304
0.007706574061
0.007691622964
0.00767670087
0.007658710337
0.00764373588
0.007625998443
0.007611406203
0.00759411217
0.00757682496
0.007562258991
0.00754501597
0.007530793984
0.007513789017
0.007496910561
0.007480018443
0.007466116871
0.007449546339
0.00743315268
0.007416988342
0.007401034938
0.007387639174
0.007371658227
0.007356114979
0.007340937275
0.007325917263
0.007310888291
0.007295938144
0.007281141952
0.007266342665
0.007249405896
0.007235105223
0.007221096988
0.007207219211
0.007193437313
0.007177301271
0.007163510655
0.007149823569
0.007136175509
0.00712012742
0.007106712087
0.007090945163
0.007077447705
0.007061738344
0.007048472889
0.007033467391
0.007020884374
0.007006048999
0.006993475497
0.00697893489
0.00696466779
0.006952522579
0.006938505368
0.006924465349
0.006910453716
0.006896719658
0.006885236114
0.006872096825
0.006859060043
0.006845804482
0.006832606697
0.006819428882
0.006806313405
0.006793119966
0.006779963645
0.006765057949
0.006752096403
0.00673949383
0.006727142649
0.006714799426
0.006700879052
0.006688775496
0.006676524549
0.00666243681
0.00665019668
0.006636404794
0.006624346625
0.006610428043
0.00659815634
0.006584314472
0.006572325384
0.006559005813
0.006545958481
0.006534687209
0.0065220751
0.006509478864
0.006497063672
0.006484844299
0.006472776498
0.006462205562
0.006449978737
0.006437835207
0.006425829358
0.006412392429
0.006400612844
0.00638906821
0.006377465869
0.006365932928
0.006354434815
0.006341483818
0.006329930264
0.006318471992
0.006305564022
0.006294052789
0.006281265878
0.006270076804
0.00625746738
0.006246157844
0.006233697648
0.006221184924
0.006210016417
0.006197586951
0.006185301664
0.006173003776
0.006162151651
0.006150039609
0.006138067529
0.006126404631
0.006114742226
0.0061029715
0.006091146848
0.006079521185
0.006066929177
0.006055792239
0.006045004217
0.006034474048
0.006022850998
0.006012690017
0.006002737405
0.005991814537
0.005982078662
0.005971443455
0.005962031757
0.005951712464
0.005941422453
0.005932163417
0.005922080173
0.005911965219
0.005901942781
0.005891817708
0.00588172623
0.00587167106
0.005861652513
0.00585146666
0.005841145181
0.005830909586
0.005820744283
0.005810719478
0.005800762398
0.005789768039
0.005779939931
0.00576938046
0.00576006614
0.00575082501
0.005740739968
0.005730783667
0.00572181322
0.005712052049
0.005702289405
0.005693544018
0.005683943208
0.005674455173
0.005665197027
0.005656013068
0.005646829419
0.005637663701
0.005628695142
0.005619843375
0.005610062661
0.005600862858
0.005591701267
0.005581637759
0.005572426803
0.005563237835
0.005553255847
0.005543189147
0.005534011488
0.005523984949
0.005514087851
0.005505231337
0.005495775257
0.005486107578
0.005476217291
0.005466292402
0.005456618012
0.005446965899
0.005437313894
0.005427881213
0.005417673194
0.005408395486
0.005399158283
0.005389387515
0.005380524651
0.005371094885
0.005362450683
0.005353147168
0.005344678574
0.005335589091
0.005326429626
0.005317436159
0.005308619869
0.005299778033
0.005290820115
0.00528157537
0.005272254791
0.005263089435
0.005254047112
0.005244355628
0.005235493538
0.005226763536
0.005217445965
0.005208375821
0.005200063135
0.005191145498
0.005181989589
0.005173385797
0.005164301476
0.005155517273
0.005146748016
0.005138064793
0.005129403764
0.005120862725
0.005112351236
0.005103247035
0.005094852266
0.005085748707
0.005077207982
0.005068043715
0.005059292916
0.005049992903
0.005041620215
0.005032874996
0.005024176691
0.005015531156
0.0050069097
0.004998293699
0.004989737602
0.004981056125
0.00497171925
0.004962848832
0.004954250249
0.004945104137
0.004936632442
0.004927486484
0.004918212143
0.004909509147
0.00490034849
0.004891165382
0.004882198391
0.004873208563
0.004864300475
0.004855459843
0.004846447287
0.004836837388
0.004827902712
0.004819047563
0.004809756455
0.004801117045
0.004791914001
0.004782751435
0.004773766255
0.004765327633
0.004756542636
0.004747805279
0.004738726209
0.004730241404
0.004721559788
0.004712813202
0.004703722378
0.004695162437
0.004686143523
0.004677654981
0.004668752969
0.004659943782
0.00465122033
0.004642573451
0.00463401972
0.004625626527
0.004617450913
0.004609477805
0.004601418189
0.004592822136
0.004584534861
0.004575643692
0.004566882038
0.004558439762
0.004549509137
0.004540553882
0.004531723067
0.004522989344
0.004514234382
0.004505151599
0.004496552825
0.004488019041
0.004479003801
0.004470439997
0.004461314659
0.004452204072
0.004443112521
0.004433952659
0.004424648852
0.004415530726
0.004406641648
0.004397803244
0.004388511392
0.004379542699
0.004370195955
0.004361411881
0.004352274257
0.004343222242
0.004334073715
0.004324926385
0.004315683075
0.004306464223
0.004297244388
0.004287573107
0.004278539445
0.004269140362
0.004259900684
0.004251111394
0.00424184516
0.004232662096
0.004223768229
0.004215071
0.004205845858
0.004196850663
0.004187994114
0.004178807044
0.004169980293
0.00416088189
0.00415164635
0.00414241036
0.004133273801
0.004124155479
0.004115123295
0.004105760285
0.004096606045
0.004087082375
0.00407796981
0.004068691477
0.004059653834
0.004050784434
0.004041841964
0.004032983326
0.004023595374
0.004014483242
0.004004902307
0.003995548889
0.003985775754
0.003976046653
0.003966260382
0.003956484477
0.003946782867
0.003937043101
0.003927285042
0.003917265151
0.00390754276
0.00389845504
0.00388897658
0.003879719048
0.003870584418
0.003861697506
0.003852571788
0.003843671941
0.003834726704
0.003825601451
0.003816293489
0.003806975139
0.003797745205
0.003788690737
0.003779861925
0.003771069137
0.003762154218
0.003753554455
0.00374458347
0.003735697138
0.003727096142
0.003718463964
0.003709723889
0.003700687605
0.003691855195
0.003682745472
0.003674082956
0.003665068713
0.003656149315
0.003647377872
0.003639011183
0.003630506608
0.00362204887
0.003613312612
0.003604838161
0.003596036744
0.003587403576
0.003579029956
0.003570391935
0.00356249733
0.003554787943
0.003547459459
0.003539915887
0.003532302243
0.003524729612
0.003517291879
0.003509712168
0.003502602981
0.003495355383
0.00348838041
0.003481205573
0.003474087771
0.003467018831
0.003459890674
0.003453165232
0.003446169885
0.003439045825
0.003432100395
0.003425036747
0.003418135439
0.003411560363
0.003405110383
0.003398675483
0.003392442538
0.003386115731
0.003379863642
0.003373690725
0.003367618862
0.003361597035
0.003355825117
0.003350261649
0.003344788981
0.003339627307
0.003334438083
0.003329462515
0.003324457021
0.003319641039
0.003314871073
0.003310200127
0.003305375645
0.003300798932
0.003296009898
0.003291606002
0.003287221495
0.003282985793
0.003278872653
0.003274575871
0.003270599862
0.003266465594
0.003262447485
0.003258488046
0.003254539634
0.003250537278
0.003246483568
0.003242508729
0.003238724456
0.003235039527
0.00323144142
0.003228018199
0.003224568797
0.003221230361
0.003217927111
0.003214647446
0.003211483748
0.00320822187
0.003204961497
0.00320160921
0.003198224059
0.003194782714
0.003191079447
0.00318733685
0.003183457385
0.00317959088
0.00317576624
0.003172032002
0.003168362958
0.003164548581
0.00316082059
0.003157163593
0.003153705848
0.003150322487
0.003146901135
0.003143603791
0.003140331809
0.003137028943
0.003133726635
0.003130627415
0.00312777875
0.003125162023
0.003122728123
0.003120478064
0.003118437952
0.003116472854
0.003114789903
0.003113310918
0.003112038254
0.003110686234
0.00310949375
0.003108414228
0.00310729754
0.003106167951
0.003105079101
0.003104054727
0.003102990842
0.003102151065
0.003101354106
0.003100925492
0.003100701101
0.003100663618
0.003100716008
0.003100720749
0.003100665884
0.003100772711
0.003101127535
0.00310151176
0.003101948814
0.003102457685
0.00310299839
0.003103490263
0.003103871989
0.003104386215
0.003105025732
0.003105635031
0.003106354345
0.003107126036
0.003107971205
0.003108903967
0.003109977641
0.003111406595
0.003112846155
0.003114361998
0.003115740547
0.003116988437
0.003118275742
0.003119563174
0.003121070784
0.003122766703
0.003124416428
0.00312602663
0.003127683916
0.003129350985
0.003131005293
0.003132770895
0.003134511599
0.00313620934
0.003138026842
0.003139761423
0.003141557865
0.003143350268
0.003145249042
0.003147198916
0.003149199058
0.003151327971
0.003153648068
0.003155997342
0.003158239927
0.003160485638
0.003162584583
0.003164472711
0.003166288413
0.003168004247
0.003169760846
0.003171514272
0.003173433984
0.003175311144
0.003177117359
0.003178990807
0.003180788038
0.003182636543
0.003184520142
0.003186478649
0.003188520787
0.003190694455
0.00319295682
0.003195412139
0.003197840661
0.003200036771
0.003202191549
0.003204384447
0.003206511678
0.003208564777
0.003210616324
0.003212743756
0.003214769975
0.003216839871
0.003218948061
0.003220962138
0.003222978475
0.003225000396
0.00322698648
0.003228875136
0.003230818325
0.003232879236
0.00323503395
0.003237278011
0.003239439605
0.003241534548
0.0032437285
0.003245938731
0.003248153553
0.003250380764
0.003252760905
0.003255269515
0.003257858741
0.003260529714
0.003263181499
0.003265907244
0.003268762246
0.003271729066
0.003274732744
0.003277727175
0.003280772478
0.003283987419
0.003287309133
0.003290485466
0.003293762448
0.003297177301
0.003300413371
0.00330363071
0.003306751155
0.003309945237
0.003313040204
0.003316318551
0.003319708135
0.003323267297
0.003326806723
0.003330549048
0.003334321094
0.003337930523
0.003341562804
0.00334530043
0.003348991318
0.003352755439
0.003356477072
0.00336024027
0.003364132669
0.003367927951
0.003371615744
0.003375310065
0.003378955643
0.003382621453
0.003386350869
0.003390084106
0.003393736225
0.003397286688
0.003400868978
0.003404342597
0.003407837614
0.003411408983
0.003414984558
0.003418738676
0.003422400007
0.003425991982
0.003429753642
0.003433563529
0.003437318776
0.003440994188
0.003444780277
0.003448542129
0.003452314911
0.003456075366
0.003459862307
0.003463691702
0.003467436296
0.003471123996
0.003474695751
0.003478378781
0.003482129729
0.003485999481
0.003489880253
0.003493668006
0.00349749582
0.003501359119
0.003505263689
0.003509112553
0.003513066947
0.003516914436
0.003520772826
0.003524656999
0.003528483217
0.003532399542
0.003536182705
0.003539837154
0.003543481557
0.003547050156
0.003550508015
0.003553874364
0.003557213146
0.003560610981
0.003564046349
0.003567618786
0.003571300597
0.003575024585
0.003578728417
0.003582490204
0.00358622244
0.003589843123
0.003593536447
0.003597513391
0.003601706594
0.003605864949
0.003610174028
0.003614523258
0.003618876346
0.003623226312
0.003627536702
0.003631787546
0.003636014524
0.003640230559
0.003644389394
0.003648548195
0.003652663899
0.003656759873
0.003660903256
0.003665144932
0.003669401588
0.003673744388
0.003678146067
0.003682481906
0.003686748169
0.003691032463
0.003695376832
0.003699777063
0.003704280184
0.003708899792
0.003713577971
0.003718298072
0.003723007654
0.003727700835
0.00373234228
0.003736959429
0.003741621618
0.00374625427
0.003751037848
0.003755949613
0.003760902666
0.00376591842
0.003770961588
0.003775991714
0.003781098532
0.003786269118
0.003791532615
0.003796838616
0.003802265767
0.00380790069
0.003813603625
0.003819258961
0.003824911521
0.003830589535
0.003836242494
0.003841892342
0.003847521468
0.003853080699
0.003858605696
0.003864085274
0.00386956812
0.003875065797
0.003880546907
0.00388610445
0.003891680713
0.003897226409
0.003902666767
0.003908146639
0.003913639498
0.003919217298
0.003924817168
0.003930503324
0.003936286022
0.003942137167
0.003948121097
0.003954151237
0.003960228104
0.003966382367
0.003972492618
0.003978664665
0.00398503157
0.003991488909
0.003997938489
0.004004374811
0.004010880098
0.004017431088
0.004024026571
0.004030628006
0.004037297124
0.004044035238
0.004050825132
0.004057782946
0.004064837489
0.004071956751
0.004079146741
0.004086360688
0.004093695852
0.004100991828
0.004108221077
0.004115510054
0.004122934334
0.004130442512
0.004138039083
0.004145718395
0.004153396461
0.004161127845
0.004169002643
0.004176895566
0.004184798767
0.004192717461
0.004200596449
0.004208495634
0.004216495006
0.004224460245
0.004232568422
0.00424070748
0.004248822134
0.004257080123
0.004265505551
0.004273941284
0.004282404669
0.004291015198
0.00429967205
0.004308310356
0.004316899733
0.004325539918
0.004334252811
0.004343081689
0.004351954235
0.004360832657
0.004369709124
0.004378628679
0.004387573781
0.004396580576
0.004405707426
0.004414972139
0.004424244663
0.0044335957
0.004443089531
0.004452748216
0.004462414779
0.00447207858
0.004481827728
0.004491659121
0.004501363138
0.004511102889
0.004520742939
0.004530480462
0.004540394387
0.004550333754
0.004560284557
0.004570378615
0.00458039435
0.004590366695
0.004600411133
0.004610571049
0.004620874047
0.004631453285
0.004642148966
0.004653007497
0.004663936389
0.004675003683
0.004686171046
0.004697439267
0.004708959964
0.004720441109
0.004732049374
0.004743730166
0.004755541354
0.004767495557
0.00477957743
0.004791799653
0.004804013172
0.004816242356
0.004828451709
0.004840836825
0.004853206254
0.004865657632
0.004877932928
0.004890347938
0.004902920741
0.0049156822
0.004928591242
0.004941526458
0.00495449115
0.004967443779
0.004980383617
0.004993206413
0.005005834822
0.005018261778
0.005030540679
0.00504272835
0.005054904026
0.00506726919
0.00507971891
0.005092194049
0.005104561216
0.005116807065
0.0051288173
0.005140676961
0.005152525932
0.005164487139
0.005176401279
0.005188424269
0.005200472082
0.005212523841
0.005224555998
0.005236553825
0.005248390541
0.005260207218
0.005272014504
0.005284030701
0.005295979652
0.005307953485
0.005320112969
0.00533231182
0.005344491888
0.005356820343
0.005369088214
0.005381165448
0.005393178475
0.005405174505
0.005417298579
0.0054295839
0.00544202962
0.005454587576
0.005467311368
0.005479971429
0.005492594093
0.005505089291
0.005517473559
0.005529821944
0.005542134959
0.005554396313
0.005566644918
0.005579034466
0.005591504081
0.005604106558
0.005616865372
0.005629648017
0.005642556879
0.00565565634
0.005668915588
0.0056823587
0.005695815864
0.005709414924
0.005723169852
0.005736679156
0.005750159102
0.005763786495
0.005777350532
0.005790956341
0.005804821167
0.00581872848
0.00583279491
0.005847006553
0.005861162096
0.005875506239
0.005889926372
0.005904538864
0.00591935431
0.005934240031
0.005949238951
0.005964253181
0.005979430138
0.005994738886
0.006010065267
0.006025521357
0.006041023659
0.006056579564
0.006072250292
0.006087972675
0.00610376387
0.006119687068
0.006135614063
0.006151633439
0.00616770518
0.006183788575
0.006199878598
0.00621605383
0.00623237185
0.006248910996
0.006265512532
0.006282083312
0.006298723436
0.006315441062
0.006332412636
0.006349399698
0.006366307221
0.006383257875
0.006400302164
0.006417291002
0.006434265382
0.006451230381
0.00646849764
0.006485925589
0.006503315304
0.006520697854
0.006538214305
0.006556054132
0.006573860396
0.006591648673
0.006609545076
0.006627466695
0.006645485205
0.006663655382
0.006681745876
0.006699999878
0.006718182416
0.006736301848
0.006754473942
0.006772778616
0.006791148519
0.006809462949
0.006827608321
0.006845664552
0.006863748027
0.006881824694
0.006899884958
0.006918152153
0.006936319068
0.006954562455
0.006972532817
0.006990248669
0.007007491162
0.007024708489
0.007041921136
0.007059081885
0.007076280224
0.007093497175
0.00711091107
0.007128384462
0.00714595747
0.007163482878
0.007180913184
0.007198302837
0.007215745405
0.007233264978
0.007250783806
0.007268223229
0.007285640957
0.007303093575
0.007320555593
0.007337986834
0.007355441907
0.007373103057
0.007390854557
0.007408782027
0.007426708062
0.00744464824
0.007462499638
0.007480370937
0.007498127048
0.007515927409
0.00753409916
0.007552470865
0.007571036793
0.007589750459
0.007608662807
0.007627548952
0.007646430301
0.007665298865
0.007684225958
0.007703253775
0.007722414932
0.007741727754
0.007761399122
0.007781399315
0.007801587177
0.007821935626
0.007842426409
0.007862997907
0.007883766088
0.007904759548
0.007926072739
0.007947417027
0.007968852413
0.007990507308
0.008012552021
0.008034889112
0.008057540695
0.008080383626
0.008103335312
0.008126523263
0.008149895076
0.008173392459
0.008196995546
0.008220740502
0.008244703343
0.008269028574
0.008293728093
0.008318946935
0.008344428755
0.008370140508
0.008395993119
0.008422148749
0.008448463416
0.00847498066
0.008501888143
0.008529010944
0.008556369485
0.00858391984
0.00861188334
0.008640035802
0.008668506345
0.008697286213
0.00872628433
0.008755476094
0.008784989613
0.008814925022
0.008845152822
0.008875760728
0.008906762928
0.008938190877
0.00897015082
0.009002360143
0.009034759164
0.009067422866
0.009100354151
0.009133671495
0.009167438151
0.009201638173
0.009236047579
0.009270677644
0.009305710923
0.00934119951
0.009377111719
0.009413349959
0.009449780236
0.009486550274
0.009523687935
0.009561062929
0.009598658167
0.009636487424
0.00967468374
0.009713300758
0.00975226358
0.009791599545
0.009831159596
0.009870984018
0.009911074438
0.00995136924
0.009991884696
0.0100325915
0.01007346782
0.01011473736
0.01015624765
0.01019814358
0.01024024685
0.01028262283
0.01032519484
0.01036795166
0.01041103616
0.0104544319
0.01049824196
0.010542296
0.0105865518
0.01063102573
0.0106759257
0.01072123012
0.01076681431
0.01081278269
0.01085906268
0.01090578922
0.01095289646
0.0110003859
0.01104833168
0.01109657862
0.01114507506
0.01119397694
0.01124326788
0.01129296637
0.01134308142
0.01139344913
0.01144411501
0.01149507848
0.01154649319
0.01159812339
0.01165020608
0.01170253636
0.01175538965
0.01180870226
0.0118625481
0.01191670295
0.01197116698
0.012026003
0.01208127818
0.01213696318
0.01219298293
0.01224932749
0.01230594059
0.01236302171
0.01242048546
0.01247846385
0.01253675779
0.0125954196
0.01265445015
0.01271389153
0.01277374683
0.01283404388
0.01289476713
0.01295588233
0.01301745316
0.0130794175
0.01314176687
0.01320452543
0.01326774849
0.01333144794
0.0133954967
0.01345998074
0.01352500256
0.01359048354
0.01365622093
0.0137222952
0.01378871081
0.01385546355
0.01392252752
0.01398986066
0.01405769152
0.01412592383
0.01419449253
0.01426342015
0.01433264494
0.01440215927
0.01447204001
0.01454216452
0.014612429
0.01468298343
0.01475388804
0.01482529802
0.01489714003
0.01496934474
0.01504191975
0.01511498062
0.01518850973
0.01526254438
0.01533711944
0.01541216444
0.01548758467
0.01556358566
0.01564005793
0.01571706084
0.01579432986
0.01587207311
0.0159503816
0.01602919114
0.01610849331
0.01618824596
0.01626833716
0.01634877001
0.01642960169
0.01651093574
0.01659278221
0.01667523662
0.01675836762
0.01684194715
0.01692599269
0.01701058237
0.01709572031
0.01718121313
0.01726728805
0.01735402381
0.01744128477
0.01752927598
0.01761785355
0.01770703282
0.0177967885
0.0178869843
0.01797769617
0.0180688909
0.01816055304
0.01825280779
0.01834543872
0.01843829643
0.01853175494
0.01862549111
0.0187196529
0.01881409927
0.01890897606
0.01900431995
0.01910009757
0.01919645487
0.01929318519
0.01939044432
0.01948844539
0.01958710433
0.0196864502
0.01978638397
0.01988687932
0.0199879691
0.02008990015
0.02019232156
0.02029530563
0.02039871287
0.0205024888
0.02060681337
0.02071173095
0.02081724412
0.02092321331
0.02103007039
0.02113768001
0.02124586567
0.02135462232
0.02146380993
0.02157343448
0.02168352362
0.02179391421
0.02190460364
0.02201550807
0.02212674761
0.0222382328
0.02234987253
0.02246166226
0.02257373725
0.0226863099
0.02279905847
0.02291209916
0.02302514782
0.02313841947
0.02325196016
0.02336549887
0.02347888184
0.0235919397
0.02370509346
0.02381850746
0.02393223521
0.02404640657
0.02416098917
0.0242761784
0.02439198736
0.02450804929
0.02462467326
0.02474132468
0.02485789067
0.02497451856
0.02509117687
0.02520784935
0.02532455107
0.0254412789
0.02555784014
0.02567425582
0.0257910831
0.02590794639
0.0260248621
0.02614194716
0.02625859073
0.02637500371
0.02649185301
0.02660926928
0.02672704282
0.0268450368
0.02696295597
0.02708131937
0.02719961254
0.02731827677
0.0274371803
0.02755587838
0.02767479778
0.02779395138
0.02791353153
0.02803314637
0.0281532883
0.02827456734
0.02839671765
0.02851957278
0.02864284393
0.02876673902
0.02889151014
0.02901661049
0.02914197304
0.02926760299
0.02939365066
0.02952018526
0.0296474674
0.02977532258
0.02990397605
0.03003316947
0.03016278337
0.03029287522
0.03042379171
0.03055519876
0.0306873196
0.03082048202
0.03095478917
0.03109037318
0.03122653866
0.0313629878
0.03149981132
0.03163718763
0.0317747722
