0.0593359412
0.04200165926
0.03431304515
0.02968988398
0.02652735174
0.0242110175
0.02241248196
0.02097506695
0.01978541568
0.0187740807
0.0179050045
0.01646714825
0.01532809459
0.01439969997
0.01363100905
0.01268535342
0.01191649091
0.01127556441
0.01056099947
0.00982765905
0.009222513586
0.008628003655
0.00805411991
0.007576073544
0.007068316925
0.00661020472
0.006164104555
0.005767646111
0.005394960169
0.005043381999
0.004718055791
0.004392430132
0.004106244306
0.003835751791
0.003586819008
0.003350216376
0.003125222046
0.002924348447
0.002735686108
0.002565464261
0.002412529037
0.002273276568
0.002140208134
0.002012780739
0.001888530806
0.00176636799
0.001646702762
0.001537837871
0.001438854156
0.001349593917
0.001264269472
0.001187573028
0.001116870338
0.001045360434
0.0009805902386
0.0009267032795
0.0008824458563
0.0008426595168
0.0008083783856
0.0007783398258
0.0007487276019
0.0007158718561
0.0006842346405
0.0006582902283
0.0006347229876
0.0006179909441
0.0006151571378
0.0006180174209
0.000623786504
0.0006351228713
0.0006465113279
0.0006514864717
0.0006565424105
0.0006531523658
0.0006441151699
0.0006380685522
0.0006402710236
0.0006587011766
0.0007009553174
0.0007594732916
0.0008307984418
0.0009138311245
0.001003661777
0.001098088704
0.001184182173
0.001261217151
0.001334877544
0.001406975159
0.00147856364
0.001536972933
0.001554518707
0.001575180117
