44765.09615
31559.43342
25742.50173
22282.56389
19924.19237
18184.61523
16833.31202
15744.46775
14842.82147
14080.22881
13424.26878
12852.20325
12347.55026
11898.03177
11494.28841
11129.04404
10796.54515
10492.17425
10212.17685
9953.464553
9713.470469
9490.041169
9281.354828
9085.858335
8902.218391
8729.283062
8566.051244
8411.648187
8265.305704
8126.346039
7994.168627
7868.239143
7748.080399
7633.264719
7523.407526
7418.16191
7317.214018
7220.279107
7127.098168
7037.435003
6951.073712
6867.816503
6787.481781
6709.902486
6634.924629
6562.406005
6492.215059
6424.229883
6358.337324
6294.432193
6232.416554
6172.199102
6113.694588
6056.823319
6001.510694
5947.6868
5895.286037
5844.246779
5794.511076
5746.024371
5698.735252
5652.595221
5607.558486
5563.58177
5520.624137
5478.646828
5437.613119
5397.488182
5358.238964
5319.834069
5282.243657
5245.439342
5209.394105
5174.082208
5139.479121
5105.561444
5072.306849
5039.694008
5007.702545
4976.312978
4945.506667
4915.265774
4885.573212
4856.41261
4827.768273
4799.625148
4771.968787
4744.78532
4718.061423
4691.784292
4665.941619
4640.521562
4615.512729
4590.904151
4566.685267
4542.845898
4519.376238
4496.266829
4473.508549
4451.092597
4429.010476
4407.253984
4385.815195
4364.686454
4343.860359
4323.329755
4303.087719
4283.127557
4263.442786
4244.027134
4224.874523
4205.979069
4187.335068
4168.936994
4150.779487
4132.857352
4115.165546
4097.69918
4080.453507
4063.423918
4046.605939
4029.995224
4013.587551
3997.378818
3981.365038
3965.542334
3949.906936
3934.45518
3919.183498
3904.08842
3889.166569
3874.414658
3859.829486
3845.407935
3831.14697
3817.043633
3803.095042
3789.298388
3775.650932
3762.150006
3748.793007
3735.577396
3722.500696
3709.560491
3696.754423
3684.080192
3671.535551
3659.118307
3646.826318
3634.657494
3622.609791
3610.681214
3598.869813
3587.173682
3575.590959
3564.119824
3552.758495
3541.505234
3530.358337
3519.31614
3508.377015
3497.539369
3486.801641
3476.162307
3465.619873
3455.172878
3444.819891
3434.559509
3424.390362
3414.311106
3404.320423
3394.417025
3384.599649
3374.867056
3365.218033
3355.651392
3346.165966
3336.760615
3327.434217
3318.185674
3309.01391
3299.917868
3290.896512
3281.948826
3273.073813
3264.270494
3255.53791
3246.875119
3238.281196
3229.755234
3221.296342
3212.903645
3204.576285
3196.313419
3188.114218
3179.977869
3171.903574
3163.890548
3155.938021
3148.045234
3140.211444
3132.43592
3124.717943
3117.056807
3109.451819
3101.902294
3094.407564
3086.966968
3079.579858
3072.245596
3064.963556
3057.73312
3050.553683
3043.424648
3036.345427
3029.315444
3022.334131
3015.400929
3008.515288
3001.676666
2994.884532
2988.13836
2981.437636
2974.781851
2968.170506
2961.603107
2955.079171
2948.59822
2942.159785
2935.763403
2929.408618
2923.094981
2916.822051
2910.589392
2904.396574
2898.243177
2892.128782
2886.05298
2880.015367
2874.015545
2862.127707
2856.238924
2850.386396
2844.569751
2838.788625
2833.042658
2827.331495
2821.654787
2816.012187
2810.403357
2804.827961
2799.285668
2788.299091
2782.854168
2777.44107
2772.059488
2766.709118
2761.38966
2756.100815
2750.842294
2740.415067
2735.245797
2730.105718
2724.994555
2719.91204
2714.857906
2704.833731
2699.863174
2694.919966
2690.003857
2685.1146
2675.415672
2670.605524
2665.821272
2661.062685
2651.621595
2646.938644
2642.28046
2637.646827
2628.452354
2623.891093
2619.353538
2614.839486
2605.881081
2601.436331
2597.01429
2592.614764
2583.882498
2579.549385
2575.238039
2566.679925
2562.4328
2558.206728
2549.817054
2545.653112
2541.509541
2533.282856
2529.199416
2525.135698
2517.066794
2513.061297
2505.10745
2501.158798
2497.228797
2489.424162
2485.549241
2477.853482
2474.032366
2470.228909
2462.674432
2458.923145
2451.471818
2447.77152
2440.421017
2436.770563
2429.518633
2425.916915
2422.331202
2415.207318
2411.668914
2404.638614
2401.14649
2394.207742
2387.328932
2383.911734
2377.121228
2373.74771
2367.043635
2363.712875
2357.093413
2353.804515
2347.267904
2344.019999
2337.564524
2331.162212
2327.980765
2321.656843
2315.384296
2312.267072
2306.070297
2302.990578
2296.868061
2290.79423
2287.775371
2281.77337
2275.818473
2272.858497
2266.973112
2261.133319
2258.230337
2252.457841
2246.729494
2241.044736
2238.218532
2232.598131
2227.019965
2221.483505
2218.730754
2213.255889
2207.821456
2202.42696
2197.071914
2194.409035
2189.11227
2183.853776
2178.633092
2173.449769
2170.871979
2165.743869
2160.652024
2155.596021
2150.57544
2145.58987
2140.638907
2135.722151
2130.839212
2128.410303
2123.577367
2118.777294
2114.009714
2109.274263
2104.57058
2099.898313
2095.257114
2090.64664
2086.066554
2081.516524
2076.996222
2072.505326
2068.04352
2063.61049
2059.205929
2054.829533
2050.481004
2046.160048
2039.729679
2035.476395
2031.249686
2027.049279
2022.8749
2018.726283
2014.603163
2010.505282
2004.40522
2000.36932
1996.357776
1992.370345
1988.406787
1982.505692
1978.600784
1974.718932
1970.859912
1967.023499
1961.31079
1957.529943
1953.770948
1948.172969
1944.467692
1940.783546
1937.12033
1931.664321
1928.052575
1924.461079
1919.111396
1915.56971
1910.293879
1906.800862
1903.327002
1898.151749
1894.725022
1889.619673
1886.239024
1881.202019
1877.866426
1874.548575
1869.604725
1866.330551
1861.451498
1858.22005
1853.404392
1848.626115
1845.461127
1840.744088
1837.61949
1832.962393
1829.877334
1825.278921
1820.715131
1817.691625
1813.184582
1808.711025
1805.747054
1801.328396
1796.94214
1794.035777
1789.702655
1785.4009
1781.130136
1778.299994
1774.080063
1769.890149
1765.7299
1762.972708
1758.861127
1754.778295
1750.723878
1746.697549
1742.698984
1740.048542
1736.095549
1732.169485
1728.270047
1724.396934
1720.549854
1716.728514
1712.932631
1709.161922
1705.416111
1701.694925
1697.998096
1694.32536
1690.676456
1687.051128
1683.449123
1679.870192
1676.314091
1672.780578
1668.103953
1664.622225
1661.162306
1657.723969
1654.30699
1650.91115
1646.415871
1643.068516
1639.741589
1636.434882
1632.057043
1628.796731
1625.555972
1622.334571
1618.06915
1614.892177
1611.733932
1607.551757
1604.436506
1600.311006
1597.237783
1594.182282
1590.135559
1587.120759
1583.127701
1580.152706
1576.212139
1573.276081
1569.386866
1566.488905
1562.649937
1558.839199
1555.999464
1552.237304
1549.433616
1545.71901
1542.031132
1539.282571
1535.640701
1532.024695
1529.329479
1525.758004
1522.211568
1518.689878
1515.19265
1512.585612
1509.130517
1505.699119
1502.291149
1498.906342
1495.544438
1492.20518
1489.715444
1486.415209
1483.136934
1479.880376
1476.645297
1473.431462
1470.238641
1467.066604
1463.915129
1460.004362
1456.898346
1453.812184
1450.745668
1447.698589
1444.670742
1441.661928
1437.927372
1434.960658
1432.012342
1429.082235
1425.444923
1422.555108
1419.682905
1416.117147
1413.283925
1410.467746
1406.97123
1404.19278
1400.742901
1398.001346
1394.597076
1391.891608
1388.531953
1385.861788
1382.545783
1379.910161
1376.63687
1373.386915
1370.803568
1367.594927
1365.044281
1361.876086
1358.729997
1355.605756
1353.121927
1350.036385
1346.971999
1343.928528
1340.905736
1337.90339
1335.51608
1332.549962
1329.603658
1326.676947
1323.769615
1320.881448
1318.012237
1315.161777
1312.329863
1309.516297
1306.163958
1303.390066
1300.633901
1297.895275
1295.174004
1292.469904
1289.2474
1286.58045
1283.930108
1280.771376
1278.156968
1275.558626
1272.461595
1269.898028
1267.350012
1264.3127
1261.79835
1258.800993
1256.319574
1253.361306
1250.424002
1247.992085
1245.09258
1242.691826
1239.829317
1236.986659
1234.163622
1231.825919
1229.038276
1226.269629
1223.519763
1220.788467
1218.526423
1215.828636
1213.148838
1210.486832
1207.842422
1205.215414
1202.60562
1200.012852
1197.436926
1194.452725
1191.912673
1189.388899
1186.88123
1184.389495
1181.502387
1179.044605
1176.602234
1174.175116
1171.362543
1168.967932
1166.192862
1163.830039
1161.091648
1158.759919
1156.057406
1153.756095
1151.088686
1148.817138
1146.184081
1143.569216
1141.342226
1138.7606
1136.196581
1133.64997
1131.120572
1128.96607
1126.468129
1123.986859
1121.522075
1119.073595
1116.641241
1114.224837
1111.82421
1109.439189
1106.732345
1104.380204
1102.043149
1099.72102
1097.41366
1094.794561
1092.518327
1090.25638
1087.688601
1085.456772
1082.923033
1080.720661
1078.220218
1076.046661
1073.578793
1071.43343
1068.997437
1066.578165
1064.474868
1062.086438
1059.71419
1057.357944
1055.017521
1052.692744
1050.671263
1048.375359
1046.094611
1043.828853
1041.297591
1039.063149
1036.843196
1034.637576
1032.446136
1030.268725
1027.835721
1025.687631
1023.553112
1021.167824
1019.061676
1016.707952
1014.629553
1012.306706
1010.255454
1007.962816
1005.685907
1003.675048
1001.427366
999.1949043
996.9774933
995.0189606
992.8295223
990.6546565
988.4942027
986.3480027
984.2159009
982.0977441
979.9933812
977.6711976
975.5954697
973.5330806
971.4838882
969.2223156
967.2005266
965.1915062
962.9740747
960.9915745
958.8032869
956.8467299
954.6869549
952.5419396
950.6239073
948.5064776
946.4033307
944.3143073
942.2392503
940.1780053
938.1304202
936.0963451
934.0756326
932.0681374
930.0737165
928.0922289
926.1235359
924.1675008
922.0303213
920.1004317
917.9916933
916.0873737
914.195033
912.1271451
910.0734375
908.2186004
906.1915196
904.1781582
902.3596056
900.3720113
898.397696
896.4365131
894.4883182
892.5529688
890.630325
888.7202486
886.8226039
884.766467
882.8943856
881.0343285
879.0187389
877.1834131
875.3597227
873.3833693
871.4205619
869.6330905
867.6958193
865.771653
864.0192211
862.1197649
860.2329924
858.3587636
856.4969405
854.6473875
852.8099706
850.9845583
849.1710208
847.2196076
845.4304013
843.652682
841.7396409
839.9854633
838.0976456
836.3664965
834.5033547
832.7947364
830.9557393
829.1290931
827.3146604
825.5123063
823.7218979
821.9433043
820.1763965
818.4210477
816.6771328
814.9445287
813.0911576
811.3816596
809.6831051
807.8659981
806.0613061
804.3965146
802.6153718
800.8462396
799.2141113
797.4677663
795.7330457
794.0098216
792.2979681
790.5973613
788.9078789
787.2294008
785.4431082
783.7870497
782.0245121
780.3903806
778.6510783
777.038396
775.3218251
773.7301288
772.0358003
770.3527895
768.6809716
767.0202235
765.3704241
763.7314542
762.1031963
760.3780646
758.7715802
757.1754586
755.4842265
753.9091731
752.2401679
750.5824458
749.0384665
747.4022484
745.7769488
744.1624473
742.5586255
740.9653666
739.3825557
737.8100797
736.1505232
734.5990126
733.0575008
731.4304812
729.9092575
728.3035589
726.7086637
725.1244518
723.6430822
722.0792729
720.5258045
718.8921015
717.3595697
715.8370388
714.3244011
712.73345
711.2408481
709.6708786
708.1978763
706.6484336
705.1093749
703.5805853
702.0619517
700.5533627
699.0547087
697.5658816
696.0867751
694.6172844
693.0764733
691.6264261
690.1059138
688.5956536
687.1742343
685.683613
684.2029125
682.732024
681.2708402
679.8192553
678.3015269
676.8693209
675.4464011
673.9585138
672.5543455
671.0859813
669.6274649
668.1786873
666.7395413
665.3099213
663.8897231
662.4788444
661.0771843
659.6152539
658.2321829
656.7895569
655.42467
654.0009297
652.5867045
651.1818895
649.7863815
648.4000788
647.0228813
645.6546903
644.2309015
642.8808509
641.475858
640.0803233
638.7569485
637.3795986
636.0114013
634.6522564
633.3020651
631.8999693
630.567791
629.2442747
627.8697594
626.5636732
625.2071819
623.8597522
622.5212845
621.1916805
619.8708434
618.558678
617.1986058
615.9038705
614.5617866
613.2841015
611.9596155
610.6439689
609.3370644
608.0388065
606.7491008
605.4146515
604.1421199
602.8253635
601.569631
600.2701826
598.9794204
597.6972488
596.4235736
595.158302
593.9013427
592.6526058
591.3625466
590.0811868
588.8572241
587.5926493
586.3364922
585.0886605
583.8490634
582.5704093
581.3473224
580.1322023
578.8786877
577.6335783
576.3967812
575.1682052
573.9477603
572.735358
571.530911
570.2901657
569.1016595
567.877265
566.6610581
565.4529488
564.2528484
563.0606695
561.8341721
560.6578548
559.4476051
558.2868038
557.0924492
555.9060497
554.7275182
553.5567688
552.3537481
551.1985719
550.0114846
548.8715423
547.7000428
546.5363401
545.380349
544.193837
543.0532683
541.8825174
540.7570342
539.6017018
538.454077
537.3140752
536.1816134
535.0204422
533.9030521
532.7572683
531.6546217
530.5238915
529.4006831
528.2849142
527.1419838
526.0410786
524.9133082
523.7931078
522.7140034
521.6084709
520.477099
519.3863571
518.3027805
517.1937811
516.0922226
514.998023
513.9111018
512.8313793
511.7587774
510.6619848
509.5725733
508.5212782
507.4461804
506.3782252
505.2871264
504.2334223
503.1568209
502.1170572
501.0546385
499.9992938
498.9219242
497.8806882
496.8176597
495.7902243
494.7412251
493.6992207
492.6641345
491.6081953
490.5869028
489.5449748
488.5100294
487.48199
486.4607809
485.4463279
484.4121271
483.3848874
482.3906097
481.3768897
480.3441738
479.344023
478.3250711
477.3381932
476.3327063
475.3339258
474.3417785
473.3316361
472.3527014
471.3559537
470.3658752
469.3823928
468.3816872
467.4113388
466.4239401
465.4431646
464.4689396
463.5011936
462.5398561
461.5621962
460.5911075
459.6265178
458.6683559
457.7165518
456.7491221
455.7882043
454.8337269
453.8856192
452.9438118
451.9870452
451.0577735
450.1136876
449.1759087
448.2237374
447.2985035
446.3590155
445.4258337
444.498889
443.5781133
442.6436228
441.7351157
440.8130237
439.877674
438.9679711
438.0642971
437.1475509
436.2369565
435.3324465
434.4152996
433.5228839
432.6179483
431.7190804
430.8080541
429.9212442
429.022387
428.1295751
427.2427422
426.3618231
425.4693113
424.6001431
423.7194866
422.8276251
421.9587957
421.0788609
420.2048486
419.3366941
418.4743333
417.6012855
416.7341256
415.8727889
415.0172119
414.1513507
413.3072118
412.4528775
411.5886042
410.7457568
409.8930549
409.0460961
408.2048176
407.3540154
406.5240133
405.6845672
404.8507567
404.0077808
403.1705163
402.3534418
401.5128712
400.6923678
399.8630799
399.0393891
398.2212343
397.408555
396.5874207
395.7718293
394.9617204
394.1434417
393.3307092
392.523462
391.7216402
390.9251847
390.1208962
389.3220342
388.5155757
387.7274764
386.9318373
386.141563
385.3439771
384.5643417
383.7774484
382.9834924
382.2072264
381.4239484
380.6459634
379.8611806
379.0936898
378.3194487
377.5504328
376.7748736
376.0045841
375.2395068
374.4795846
373.7133638
372.9523403
372.1964572
371.4344908
370.6777043
369.926041
369.179445
368.4269928
367.6796449
366.9266245
366.189391
365.4465195
364.7086757
363.9653711
363.2271264
362.4938863
361.7553738
361.0218959
360.2933976
359.5698245
358.8411755
358.1174799
357.3888708
356.6749868
355.9465358
355.2327016
354.514137
353.8004675
353.0916397
352.3782459
351.6697161
350.9659971
350.2578714
349.5545769
348.8470206
348.144314
347.446404
346.7532383
346.0559692
345.3634615
344.666987
343.983906
343.2883155
342.6060149
341.9198948
341.2384616
340.5533377
339.872913
339.1971362
338.5178
337.8431225
337.1730532
336.4995513
335.8306671
335.1584691
334.4908967
333.8278995
333.1617078
332.5000981
331.8430204
331.1828636
330.5272446
329.8686557
329.2146088
328.5650544
327.9126384
327.2647182
326.6212449
325.9750147
325.3332336
324.6887961
324.0488088
323.4062631
322.7681674
322.1344733
321.4983159
320.8665591
320.2391549
319.6093796
318.9773249
318.3562497
317.7328923
317.107342
316.4861356
315.8628223
315.250207
314.6291649
314.0187272
313.4000331
312.7918498
312.1817185
311.5697219
310.9680538
310.3584991
309.7532085
309.1521358
308.5552353
307.9507653
307.3563479
306.7602819
306.1626436
305.5748807
304.9798886
304.3890747
303.8023935
303.2142715
302.6302707
302.0448949
301.463628
300.8864256
300.3025683
299.728138
299.1524527
298.5755799
298.0027753
297.4339951
296.8640795
296.2930936
295.726146
295.1631929
294.599218
294.0342841
293.4782592
292.9163906
292.3585112
291.8045779
291.2497823
290.6941839
290.1425394
289.594806
289.0463099
288.4971084
287.9518237
287.4058801
286.863834
286.3256433
285.7868298
285.2474472
284.7119228
284.1758724
283.6393484
283.1109631
282.5778339
282.0485417
281.5230453
280.9971454
280.4708913
279.9484308
279.4256537
278.9066479
278.3873622
277.8718253
277.3560441
276.8400645
276.3278281
275.8154271
275.3067457
274.7979324
274.289031
273.783841
273.2823228
272.7807354
272.279121
271.7775212
271.2795983
270.785313
270.2874898
269.7933318
269.3027999
268.8123653
268.3220668
267.8353816
267.3488578
266.862533
266.3798074
265.8973044
265.4183741
264.9396894
264.4612862
263.9864399
263.5118967
263.0376912
262.5670257
262.0967182
261.6268022
261.1604082
260.6944248
260.2319355
259.7668467
259.3052699
258.847168
258.3865837
257.9294908
257.4758525
257.0198455
256.5673086
256.1182053
255.6668435
255.2189297
254.7716427
254.3277741
253.8845458
253.4419852
253.0001197
252.5616556
252.1238983
251.6868741
251.2532271
250.8177265
250.3856133
249.9568523
249.5263332
249.0991758
248.6728469
248.2473706
247.8252294
247.403949
246.9835527
246.5640633
246.1478858
245.7302588
245.3159503
244.9049257
244.4925361
244.0834364
243.6753217
243.2682131
242.8621309
242.4570956
242.0553256
241.6546065
241.2549579
240.8563991
240.4610773
240.0668485
239.6716379
239.2796682
238.8909062
238.5012341
238.1127461
237.7274682
237.3433756
236.9604854
236.5788144
236.1983792
235.8211228
235.4431921
235.0684399
234.6949558
234.3227552
233.9518537
233.5822664
233.2140083
232.8488938
232.4833226
232.120893
231.7598197
231.4001168
231.0417981
230.6848774
230.329368
229.9752832
229.622636
229.2730887
228.9233406
228.5750682
228.2298895
227.8861821
227.542381
227.2016666
226.8624593
226.5232357
226.187091
225.8524874
225.5194361
225.1879479
224.8580334
224.5297033
224.202968
223.8778376
223.5543222
223.2310327
222.9107901
222.5921917
222.275247
221.9599652
221.6463556
221.3344272
221.0228806
220.7143537
220.4075341
220.1024303
219.7977929
219.4961581
219.1950307
218.8968969
218.5993107
218.3035127
218.0095103
217.7173107
217.4269212
217.1383487
216.8516003
216.5666827
216.2824897
216.0012656
215.7208024
215.4432976
215.1665894
214.8917736
214.6178121
214.3468101
214.0777179
213.809531
213.5432874
213.2789924
213.0166512
212.7562691
212.4968957
212.2404573
211.9850592
211.7316611
211.4802677
211.2299818
210.9817305
210.7363985
210.4913486
210.249226
210.0083051
209.7702985
209.5335218
209.2980094
209.0654118
208.8341057
208.6049128
208.3770582
208.1521111
207.9285283
207.7070908
207.4870629
207.2692054
207.0535208
206.8400115
206.6279805
206.4181489
206.2105189
206.0044217
205.8005492
205.5982513
205.3988435
205.2003991
205.0048481
204.8109344
204.6192928
204.4293281
204.2416565
204.0562791
203.8726277
203.6912907
203.5117175
203.3344783
203.15904
202.9864797
202.8152231
202.646338
202.4798247
202.3151935
202.1529519
201.9931001
201.8347093
201.6791983
201.5256466
201.3740792
201.2249518
201.0778416
200.9331869
200.7909873
200.6504472
200.5127828
200.3772065
200.243742
200.1124125
199.9835979
199.857297
199.7331676
199.6112323
199.4918384
199.3746672
199.26005
199.1476835
199.0375894
198.930075
198.82486
198.7219654
198.621675
198.5237311
198.4281542
198.3352046
198.2446472
198.1567271
198.0710059
197.9879463
197.9075452
197.8294085
197.7539537
197.6809966
197.6107296
197.5428161
197.4776148
197.4149699
197.3550442
197.2975582
197.2428123
197.1906787
197.1411745
197.0944267
197.0502248
197.0087985
196.9700542
196.9340081
196.900676
196.8701425
196.8422789
196.8172315
196.7949466
196.7754394
196.7587246
196.7448171
196.7337312
196.7254813
196.7200815
196.7175481
196.7178834
196.7210995
196.7272242
196.7362434
196.7482101
196.7630845
196.7809445
196.8017245
196.8255275
196.8522623
196.8820565
196.9147936
196.9506257
196.9894968
197.0313265
197.0763028
197.124351
197.1754817
197.2297051
197.2870316
197.3475987
197.4111669
197.478007
197.5480008
197.6211574
197.697486
197.7769954
197.8598626
197.9459392
198.0352336
198.1277538
198.2235076
198.3226996
198.4251517
198.5308713
198.6398657
198.7523603
198.8681545
198.9872546
199.109902
199.2358789
199.3651912
199.4980958
199.6343579
199.7739829
199.9172431
200.0638869
200.2139193
200.3676275
200.5250315
200.6855653
200.8498136
201.0177955
201.1892218
201.3644092
201.5430579
201.725171
201.9110796
202.1008011
202.2940151
202.4907238
202.6916248
202.8956916
203.1039833
203.3154443
203.5311619
203.7504229
203.9732283
204.2003405
204.4310174
204.6652592
204.9034611
205.1456369
205.3918003
205.6415561
205.8953167
206.1530951
206.4144819
206.6803286
206.9493685
207.2228922
207.5004848
207.7817141
208.0670259
208.356431
208.6499401
208.9471025
209.2488454
209.5542531
209.8637957
210.1774825
210.4953225
210.8173243
211.1434966
211.4738476
211.8078876
212.1466155
212.4895454
212.836175
213.1875262
213.5431004
213.902383
214.2664186
214.6346961
215.0072212
215.3839996
215.7650367
216.1503375
216.5404546
216.9343012
217.3329805
217.7359492
218.1432112
218.5547704
218.9706303
219.3913668
219.8164176
220.2457854
220.679473
221.1180694
221.560997
222.0082581
222.460451
222.9169874
223.378472
223.8437028
224.3138905
224.7890459
225.2685628
225.7524415
226.2413052
226.7345372
227.2327666
227.73537
228.2429822
228.7549733
229.2719837
229.7933769
230.3197991
230.8512576
231.3871064
231.9279998
232.4732852
233.0236227
233.5790184
234.1388104
234.7036667
235.2735929
235.8485942
236.4279966
237.0124785
237.6020446
238.1966991
238.7957563
239.3999049
240.0091484
240.6234905
241.2429344
241.8674833
242.4971401
243.1311992
243.771077
244.4153568
245.0654646
245.7199734
246.3803188
247.0450635
247.7156525
248.3913661
249.0722054
249.758171
250.4492636
251.1454834
251.8468308
252.5540473
253.2656519
253.9831298
254.7057388
255.4342288
256.1678529
256.90661
257.6504989
258.4002776
259.1551896
259.9152333
260.6811724
261.4522438
262.2292147
263.0113176
263.7985501
264.5916852
265.3907263
266.1948969
267.0041941
267.8193983
268.6405119
269.4667502
270.2988987
271.1369596
271.9801418
272.8292362
273.6842441
274.5443688
275.4112059
276.2823569
277.160222
278.0440022
278.9328911
279.8276926
280.7284068
281.6350339
282.5475736
283.466026
284.3903905
285.3206666
286.2568538
287.1989512
288.1469579
289.1008729
290.0606949
291.0264228
291.9980551
292.9764207
293.9598585
294.9500291
295.9461002
296.948906
297.9567731
298.9713734
299.9927089
301.019097
302.052218
303.0920731
304.1378176
305.1894486
306.2478118
307.312058
308.3830353
309.4598918
310.5434778
311.6329387
312.7291273
313.8320435
314.9408286
316.0563387
317.1785736
318.3075329
319.4423525
320.583893
321.7321535
322.8862664
324.0479634
325.2155084
326.3906377
327.5716104
328.7592943
329.9545616
331.1556646
332.3634742
333.5788655
334.8000841
336.0288827
337.2643824
338.5065812
339.7554768
341.011067
342.2742334
343.5440914
344.8206388
346.1047595
347.3955661
348.6930559
349.9981155
351.3107448
352.629161
353.9560349
355.2895827
356.6298011
357.9775817
359.3329239
360.6949303
362.064495
363.4416169
364.826295
366.2176283
367.6165139
369.0229505
370.4369367
371.858471
373.2866482
374.7232735
376.1665369
377.6182464
379.0774959
380.5433758
382.0176986
383.4995554
384.9898539
386.4867734
387.9921316
389.5050167
391.0254263
392.5533581
394.0897235
395.6345219
397.1859228
398.7466686
400.3140116
401.8906982
403.4748941
405.0665966
406.6667217
408.2752684
409.8913155
411.5157808
413.1486629
414.7899607
416.4396727
418.0968746
419.7634103
421.4374317
423.1198603
424.8106944
426.5108582
428.2184988
429.9354667
431.6599067
433.3936713
435.1358316
436.8873146
438.6471904
440.4154568
442.1921118
443.9780841
445.7724416
447.5761139
449.3881678
451.2095338
453.0392777
454.8783307
456.726692
458.5834255
460.4494641
462.3248064
464.2094511
466.1024607
468.005706
469.9173125
471.8391528
473.7693505
475.7097799
477.6585626
479.6175747
481.5858758
483.5634643
485.551279
487.5474375
489.5538194
491.5704239
493.5963084
495.6314708
497.6768521
499.7315081
501.7963805
503.8714681
505.9558258
508.0503961
510.1551777
512.2692245
514.3944253
516.5288881
518.6735569
520.8293769
522.9944541
525.1697333
