0.2893323984
0.1966449555
0.1583388338
0.1361534996
0.1212547975
0.1103695689
0.1019699508
0.09523486273
0.08967866302
0.0849933588
0.08097295558
0.07439216305
0.06919237978
0.06494966973
0.06140242598
0.05702609082
0.05346923223
0.05050438417
0.04722373177
0.04390065496
0.04119294025
0.03852227226
0.03597899727
0.03388096844
0.03165516241
0.02963231464
0.02765078071
0.02589691678
0.02423635645
0.02269272903
0.02127403195
0.01986744786
0.01861606708
0.01742410522
0.01631189496
0.01526234097
0.0142685854
0.01336249432
0.01249903347
0.011693779
0.01094371299
0.01024656642
0.009594063322
0.008982249323
0.008409390927
0.007874700806
0.007377613568
0.006912956695
0.006482227248
0.006082769741
0.005710894439
0.005368283459
0.005053263591
0.004764033512
0.004501316652
0.004264960272
0.004054398977
0.003870287156
0.003713108138
0.00358303
0.003481243356
0.003408162866
0.003364473865
0.003350642489
0.003366889152
0.00341323275
0.003489387039
0.003595041804
0.003729694856
0.003892956848
0.004084483341
0.00430428192
0.004552425555
0.004829414783
0.005136039191
0.005473546229
0.005843480452
0.006247790287
0.006689022632
0.007170111931
0.00769449947
0.008266330064
0.008890362358
0.009572213415
0.01031833591
0.01113618774
0.01203446896
0.0130231863
0.01411400805
0.01532030334
0.01665765244
0.01814397708
