21880.94551
15484.81441
12638.95665
10942.80369
9788.964762
8937.166588
8273.567987
7735.757539
7290.54475
6913.090707
6588.611288
6062.378171
5646.837948
5306.250684
5020.938236
4666.032604
4375.820475
4132.678303
3861.461389
3586.750564
3364.615297
3144.608286
2932.088325
2757.473292
2571.73646
2404.298548
2239.510724
2096.532211
1962.198716
1838.726975
1723.558997
1609.103978
1506.792074
1410.699939
1319.720611
1233.546162
1150.603738
1076.54924
1003.928958
937.6282677
875.9167611
820.8467202
771.1457035
726.2482152
683.2207418
644.0276484
607.2711911
570.650943
534.9004792
500.9086401
468.760542
438.9989348
411.2950887
387.3279101
363.9016614
340.8199466
320.8655304
303.1955021
283.442282
265.677187
250.1482282
235.443554
221.6628033
206.2972161
191.8972946
178.8753993
167.1175292
155.6986175
146.211962
138.3106448
133.5148947
128.086426
123.0664065
118.5102236
114.3975196
107.452743
99.82068738
88.12455282
75.94610114
65.39939474
60.32758196
56.26203703
54.36558949
54.09859368
53.44719033
50.68965423
47.22990942
43.03651722
43.5330833
42.2553586
42.40927603
43.23455938
