4.184534073
2.957441645
2.41434107
2.090707989
1.869893834
1.706916011
1.580260714
1.478173365
1.393617118
1.322087903
1.260551255
1.159525109
1.079451088
1.013963014
0.9591104726
0.8913199178
0.8361334357
0.7900746132
0.7390525196
0.6873135803
0.6451164653
0.6034653077
0.5637748553
0.5310160472
0.4962479747
0.4646402075
0.4336718618
0.4062597867
0.3803079705
0.3561893905
0.3340322757
0.3120792226
0.292567675
0.2740075586
0.2567210134
0.2404484533
0.2250919432
0.2111508904
0.1979413659
0.1857151099
0.1744390286
0.1640931827
0.1545723337
0.1458417999
0.1379041249
0.1307783558
0.1244875503
0.1190010027
0.1143721023
0.1106038871
0.1076973072
0.1056955714
0.1046057703
0.1044359628
0.1051915847
0.1068633759
0.1094427144
0.1129086223
0.117237969
0.1224265902
0.1284400781
0.1352808042
0.1429424922
0.1514259748
0.160742789
0.1709172489
0.18196421
0.1939295926
0.206848629
0.2207743702
0.2357607044
0.2518812577
0.2692029861
0.2878107001
0.3077948507
0.329261749
0.3523224885
0.3770996024
0.4037382594
0.4323925337
0.4632319421
0.4964517474
0.5322660017
0.5709197501
0.6126853094
0.6578692767
0.7068226202
0.7599408045
0.8176793501
0.8805520364
0.9491537855
1.024163144
