0.05936753555
0.04205398756
0.03428861349
0.02964708835
0.02649361534
0.02418224454
0.02238986071
0.0209514181
0.01976031833
0.01875171148
0.01787650314
0.01644503728
0.01530748544
0.01437757264
0.01359778181
0.01263777098
0.01185169629
0.0111966059
0.01047962181
0.009748458683
0.009151537126
0.008557402604
0.007993604623
0.007526039054
0.007036173351
0.006592645716
0.006161448323
0.005779044965
0.00542216689
0.005080397189
0.004762731412
0.004443777619
0.004159045531
0.003880411629
0.003623535336
0.003380332897
0.003150121172
0.002944905761
0.002758426265
0.002585659153
0.002428930357
0.002287434729
0.002154303878
0.002022354106
0.001895649723
0.001772567604
0.001653732485
0.001542234068
0.001439999854
0.001347778392
0.001264986461
0.001190810942
0.001125627206
0.00105864761
0.0009892621329
0.0009295225975
0.0008729742897
0.0008181830474
0.0007696783823
0.0007316817407
0.0006971273784
0.0006673328216
0.0006492191407
0.0006363132071
0.000625895917
0.0006218449554
0.0006241431495
0.000632743163
0.0006465442033
0.000671943493
0.0007069194485
0.0007507445965
0.000797256098
0.0008457273109
0.0008951089785
0.0009357517982
0.0009693761672
0.0009999423614
0.001020260941
0.001029355446
0.00102747353
0.001023906689
0.001030659925
0.001057598858
0.001110971334
0.001193067546
0.001317003302
0.001464794435
0.001601325125
0.001737937581
0.001914591954
0.002078039693
