48941.73514
32627.62098
26079.36773
22338.52614
19846.52336
18035.51242
16643.33401
15530.206
14613.94034
13842.65466
13181.77781
12607.27155
12101.83591
11652.6612
11250.0333
10886.43412
10555.94213
10253.82146
9976.233183
9720.028188
9482.595575
9261.749928
9055.646128
8862.71414
8681.608439
8511.168359
8350.386671
8198.384458
8054.390838
7917.726468
7787.790031
7664.04708
7546.02077
7433.284116
7325.453486
7222.183098
7123.160355
7028.101855
6936.749981
6848.869957
6764.247312
6682.685675
6604.004859
6528.039181
6454.636003
6383.65443
6314.964184
6248.444589
6183.983685
6121.477432
6060.829004
6001.948162
5944.750683
5889.157861
5835.096044
5782.496229
5731.293688
5681.427638
5632.840932
5585.479787
5539.293534
5494.234387
5450.25724
5407.319472
5365.380777
5324.403004
5284.350011
5245.187529
5206.883043
5169.405675
5132.726082
5096.816356
5061.649939
5027.201536
4993.447042
4960.363471
4927.928887
4896.122347
4864.92384
4834.314238
4804.275245
4774.78935
4745.839786
4717.410489
4689.48606
4662.051732
4635.093333
4608.597262
4582.550452
4556.940351
4531.754889
4506.982461
4482.611899
4458.632455
4435.033777
4411.805895
4388.939199
4366.424425
4344.252637
4322.415216
4300.90384
4279.710476
4258.827366
4238.247013
4217.962171
4197.965836
4178.251233
4158.811808
4139.641218
4120.733325
4102.082182
4083.682032
4065.527295
4047.612563
4029.932595
4012.482309
3995.256773
3978.251204
3961.460961
3944.881538
3928.508559
3912.337775
3896.365059
3880.5864
3864.997901
3849.595772
3834.376329
3819.335989
3804.471267
3789.778771
3775.255202
3760.897346
3746.702077
3732.666349
3718.787195
3705.061727
3691.487128
3678.060656
3664.779634
3651.641457
3638.643582
3625.78353
3613.058881
3600.467277
3588.006414
3575.674047
3563.467982
3551.386077
3539.426242
3527.586436
3515.864663
3504.258976
3492.767471
3481.388288
3470.119609
3458.959657
3447.906696
3436.959026
3426.114985
3415.372951
3404.731333
3394.188576
3383.74316
3373.393595
3363.138425
3352.976224
3342.905594
3332.92517
3323.033612
3313.22961
3303.511879
3293.879162
3284.330226
3274.863864
3265.478893
3256.174152
3246.948506
3237.80084
3228.730061
3219.735099
3210.814904
3201.968444
3193.194711
3184.492713
3175.861478
3167.300051
3158.807498
3150.382899
3142.025353
3133.733976
3125.507898
3117.346267
3109.248247
3101.213015
3093.239763
3085.3277
3077.476046
3069.684037
3061.950921
3054.275961
3046.658431
3039.097618
3031.592822
3024.143354
3016.748539
3009.407711
3002.120217
2994.885413
2987.702669
2980.571362
2973.490882
2966.460627
2959.480007
2952.548441
2945.665356
2938.83019
2932.04239
2925.301411
2918.606718
2911.957782
2905.354086
2898.795118
2892.280377
2885.809366
2879.381599
2872.996597
2866.653888
2860.353006
2854.093494
2847.874901
2841.696784
2835.558704
2829.460233
2823.400944
2817.380422
2811.398253
2805.454034
2799.547363
2793.677847
2787.845099
2776.288383
2770.563666
2764.87422
2759.219685
2753.599706
2748.01393
2742.462014
2736.943616
2731.458401
2726.006036
2720.586197
2715.19856
2704.518627
2699.225709
2693.963749
2688.732447
2683.531505
2678.360631
2673.219538
2668.107939
2657.972106
2652.947321
2647.95093
2642.982665
2638.042265
2633.129469
2623.385669
2618.554164
2613.749258
2608.970708
2604.218275
2594.790814
2590.115321
2585.465014
2580.839668
2571.662971
2567.111184
2562.583484
2558.079659
2549.142804
2544.709363
2540.298976
2535.911444
2527.204162
2522.884026
2518.585972
2514.309813
2505.822442
2501.610866
2497.420456
2489.102434
2484.974473
2480.866985
2472.712754
2468.665679
2464.638413
2456.642667
2452.67387
2448.724249
2440.881921
2436.988911
2429.258455
2425.420716
2421.601112
2414.015736
2410.249685
2402.770167
2399.05643
2395.359862
2388.017708
2384.371862
2377.129995
2373.533722
2366.38988
2362.842067
2355.794058
2352.293626
2348.808754
2341.88523
2338.446353
2331.613809
2328.219923
2321.476383
2314.791112
2311.470065
2304.870637
2301.592053
2295.076647
2291.839628
2285.406476
2282.210152
2275.857538
2272.701063
2266.427321
2260.205257
2257.113384
2250.96752
2244.871596
2241.84215
2235.819879
2232.826889
2226.876799
2220.974033
2218.040201
2212.207254
2206.420093
2203.543495
2197.823898
2192.148616
2189.327416
2183.717544
2178.150584
2172.625991
2169.879415
2164.417374
2158.996381
2153.615925
2150.94074
2145.620149
2140.338855
2135.096375
2129.892238
2127.304401
2122.156907
2117.046606
2111.973054
2106.935811
2104.430671
2099.447087
2094.498749
2089.585242
2084.706162
2079.861106
2075.049682
2070.271503
2065.526187
2063.165735
2058.469013
2053.804228
2049.17102
2044.569034
2039.997921
2035.457337
2030.946945
2026.46641
2022.015406
2017.593609
2013.200701
2008.836369
2004.500305
2000.192204
1995.911768
1991.658701
1987.432714
1983.233519
1976.984349
1972.850914
1968.743302
1964.661247
1960.604485
1956.572755
1952.565802
1948.583372
1942.655165
1938.732962
1934.834425
1930.959319
1927.107408
1921.372532
1917.577611
1913.805092
1910.054758
1906.326391
1900.774562
1897.100185
1893.447039
1888.006687
1884.405737
1880.825318
1877.265236
1871.962826
1868.452752
1864.962355
1859.763252
1856.32125
1851.193903
1847.799188
1844.423085
1839.39346
1836.063152
1831.101444
1827.815905
1822.920599
1819.678835
1816.454309
1811.64951
1808.467419
1803.725575
1800.584995
1795.904743
1791.260808
1788.184798
1783.600359
1780.56359
1776.037388
1773.039031
1768.569843
1764.134292
1761.195737
1756.815317
1752.46743
1749.586715
1745.292163
1741.029091
1738.204343
1733.99289
1729.811911
1725.66104
1722.910342
1718.808855
1714.73653
1710.693024
1708.013196
1704.016972
1700.048676
1696.107985
1692.194581
1688.308149
1685.732027
1681.889868
1678.07387
1674.283737
1670.51918
1666.779912
1663.06565
1659.376118
1655.711042
1652.070153
1648.453187
1644.859882
1641.289983
1637.743235
1634.21939
1630.718202
1627.23943
1623.782835
1620.348183
1615.802382
1612.418037
1609.054878
1605.712684
1602.391238
1599.090327
1594.720692
1591.466881
1588.232914
1585.018591
1580.76304
1577.593786
1574.443525
1571.312068
1567.165724
1564.077426
1561.007321
1556.941843
1553.913503
1549.90308
1546.915566
1543.945269
1540.01137
1537.080609
1533.198842
1530.306748
1526.475971
1523.621701
1519.840807
1517.023544
1513.291461
1509.5868
1506.826098
1503.168626
1500.44294
1496.831663
1493.246347
1490.574212
1487.03359
1483.518091
1480.897776
1477.425535
1473.977616
1470.553736
1467.153618
1464.618958
1461.259767
1457.923596
1454.610182
1451.31927
1448.050604
1444.803937
1442.383224
1439.174463
1435.987034
1432.820701
1429.675233
1426.550401
1423.445981
1420.361751
1417.297495
1413.494934
1410.474836
1407.474025
1404.492297
1401.529449
1398.585285
1395.659608
1392.028217
1389.143436
1386.276527
1383.427306
1379.890377
1377.080295
1374.287321
1370.8199
1368.064792
1365.32624
1361.92608
1359.224178
1355.86932
1353.203257
1349.892705
1347.261697
1343.994483
1341.397768
1338.172956
1335.609797
1332.426477
1329.265827
1326.753448
1323.632929
1321.152316
1318.071087
1315.011331
1311.972801
1309.557094
1306.556155
1303.575767
1300.615696
1297.675714
1294.755593
1292.433647
1289.548718
1286.683036
1283.836389
1281.008566
1278.199361
1275.408571
1272.635994
1269.881435
1267.144699
1263.883873
1261.185677
1258.504703
1255.840766
1253.193689
1250.563293
1247.428592
1244.834285
1242.25611
1239.183361
1236.640095
1234.112438
1231.099627
1228.605751
1226.126982
1223.172187
1220.726123
1217.810142
1215.39607
1212.518062
1209.660421
1207.294439
1204.473518
1202.137809
1199.352829
1196.587134
1193.840501
1191.566045
1188.853796
1186.160002
1183.484453
1180.826946
1178.625991
1176.001037
1173.39356
1170.803367
1168.230268
1165.674077
1163.134608
1160.611681
1158.105116
1155.201237
1152.729525
1150.273626
1147.833374
1145.408603
1142.599053
1140.207268
1137.830457
1135.468463
1132.731327
1130.400916
1127.700216
1125.400689
1122.735624
1120.466306
1117.8361
1115.596335
1113.000235
1110.789388
1108.226663
1105.681613
1103.514058
1101.001302
1098.505654
1096.026919
1093.564909
1091.467783
1089.036337
1086.621088
1084.221856
1081.838467
1079.470746
1077.118523
1074.781629
1072.459898
1069.82485
1067.535067
1065.259942
1062.999321
1060.753049
1058.203259
1055.987231
1053.785086
1051.285162
1049.112282
1046.645434
1044.501176
1042.066682
1039.950424
1037.547582
1035.458721
1033.086852
1030.731231
1028.683247
1026.357596
1024.04767
1021.753294
1019.474293
1017.210497
1015.242015
1013.006276
1010.785265
1008.57882
1006.113786
1003.937774
1001.775841
999.6278375
997.4936138
995.3730234
993.0034756
990.911379
988.8324715
986.5092939
984.4579576
982.1654555
980.1410868
977.8785915
975.880605
973.647468
971.4296178
969.4708884
967.281442
965.1067887
962.9467627
961.0388875
958.9060479
956.7873712
954.6827016
952.5918855
950.5147716
948.4512112
946.4010575
944.1386573
942.1163351
940.1069774
938.1104464
935.9069572
933.9370613
931.9795762
929.8189911
927.8872831
925.7550256
923.8485344
921.7439913
919.6537947
917.7847501
915.7213675
913.6718684
911.6360978
909.6139033
907.6051349
905.6096447
903.6272873
901.6579193
899.7013997
897.7575896
895.826352
893.9075521
892.0010571
889.9179688
888.0368906
885.9814508
884.1252303
882.2806552
880.2649284
878.2629873
876.4548721
874.4788172
872.5161001
870.7432605
868.8055943
866.8808383
864.96885
863.069489
861.1826171
859.3080981
857.445798
855.5955849
853.5908028
851.7654443
849.9517771
847.986419
846.1967982
844.4184908
842.4912829
840.5772463
838.834156
836.9449496
835.0684861
833.3594671
831.5070311
829.6669287
827.8390239
826.0231825
824.2192728
822.4271648
820.6467304
818.8778438
816.9744373
815.229212
813.4951575
811.6290673
809.9179071
808.0763467
806.3875821
804.5700197
802.9031671
801.1090866
799.3270181
797.5568282
795.7983857
794.0515615
792.3162283
790.5922611
788.8795364
787.1779327
785.4873304
783.67885
782.0107223
780.353239
778.580032
776.818901
775.1942591
773.4560349
771.7294939
770.1366247
768.43225
766.7391831
765.0572999
763.386478
761.7265969
760.0775378
758.439184
756.6955537
755.0790108
753.3584909
751.7632801
750.0653654
748.4910225
746.8152233
745.2612981
743.6071394
741.9639922
740.3317353
738.7102491
737.099416
735.4991199
733.9092468
732.2247439
730.6560573
729.0974541
727.4459375
725.9078354
724.2779475
722.6590393
721.1511757
719.5531938
717.9658372
716.3889889
714.8225338
713.2663585
711.7203513
710.1844022
708.5633558
707.0478112
705.541998
703.9526186
702.4665515
700.8979238
699.3398113
697.7920972
696.3448213
694.8169663
693.299177
691.7029553
690.2055457
688.7178714
687.2398274
685.6852219
684.2266822
682.6925019
681.2530423
679.7388451
678.2347572
676.7406668
675.2564639
673.7820404
672.3172895
670.8621064
669.4163875
667.9800311
666.4739233
665.0564985
663.5701556
662.0937954
660.7042461
659.247009
657.7994326
656.361411
654.9328397
653.5136162
652.0296841
650.6293326
649.2380248
647.7831542
646.4101084
644.9742518
643.5479863
642.1312062
640.723807
639.3256861
637.9367424
636.5568762
635.1859894
633.7561167
632.4033373
630.9922691
629.6572033
628.2645324
626.881131
625.5068969
624.1417298
622.7855308
621.4382025
620.099649
618.7066634
617.3857842
616.0111119
614.6456552
613.3507676
612.0030299
610.6642106
609.3342122
608.0129389
606.6408338
605.3371138
604.0418352
602.6966079
601.4183158
600.0906542
598.7718241
597.4617286
596.1602721
594.8673605
593.5829011
592.2515084
590.9840386
589.67018
588.4193303
587.1226261
585.8345387
584.5549737
583.2838379
582.0210398
580.7143936
579.4683392
578.1789429
576.9492672
575.6767463
574.4126949
573.1570199
571.9096296
570.6704339
569.4393438
568.2162719
566.9526903
565.6975924
564.4986807
563.2599525
562.029434
560.8070354
559.5926683
558.3400023
557.141739
555.9512467
554.7231023
553.5031569
552.2913202
551.0875034
549.8916189
548.7035805
547.5233034
546.3074207
545.1426963
543.9427666
542.7508257
541.566786
540.3905612
539.2220663
538.0198989
536.8668824
535.6805706
534.5426961
533.3718969
532.2088617
531.0535056
529.9057451
528.7263121
527.5937522
526.4298718
525.3121822
524.163518
523.0224653
521.8889408
520.7254541
519.6069863
518.4588875
517.3551483
516.2221037
515.096585
513.9785099
512.8677974
511.7288935
510.6328991
509.5090219
508.427426
507.3182507
506.2164217
505.121859
504.0006183
502.9205739
501.8141413
500.7151035
499.6563551
498.5716463
497.4615523
496.3912934
495.3280351
494.2397994
493.1588341
492.0850594
491.0183967
489.9587686
488.9060988
487.8296573
486.7604292
485.7285825
484.6733439
483.6250864
482.554082
481.5197543
480.4629209
479.4422205
478.3992516
477.3631983
476.3054933
475.2832337
474.2395501
473.2307842
472.2008183
471.1776922
470.1613314
469.1244663
468.1215949
467.0984326
466.0820996
465.0725211
464.0696236
463.0733346
462.0576243
461.0487236
460.0721709
459.0764965
458.0621376
457.079739
456.0788471
455.1094357
454.1217192
453.1405655
452.1659031
451.1735374
450.2118057
449.2325495
448.259821
447.2935488
446.3103302
445.3569148
444.3867227
443.4230147
442.4657199
441.5147685
440.5700919
439.6093528
438.6550483
437.7071079
436.7654623
435.8300433
434.8792454
433.9348257
432.9967142
432.064842
431.1391414
430.1987163
429.2852963
428.3572944
427.4354719
426.4994815
425.5899509
424.6663885
423.7490058
422.8377355
421.9325112
421.0137846
420.1205849
419.2140109
418.2943837
417.3999544
416.5114354
415.610046
414.7146879
413.8252956
412.9234605
412.0459275
411.1560669
410.2721569
409.3762746
408.5041906
407.620244
406.7422271
405.8700753
405.0037249
404.125959
403.271137
402.4050027
401.527834
400.6733047
399.8078396
398.9481866
398.0942825
397.2460648
396.3873231
395.5343608
394.6871147
393.8455228
392.9938037
392.1634413
391.3230395
390.4728502
389.6437277
388.8049014
387.9717152
387.1441078
386.3071223
385.4905907
384.6647598
383.8444652
383.0151458
382.1914376
381.3875854
380.5606103
379.7533712
378.9374831
378.1270956
377.3221488
376.5225838
375.7146949
374.9122547
374.1152038
373.3101105
372.5104699
371.7162226
370.9273099
370.1436741
369.3523286
368.5663197
367.7728343
366.9974109
366.2145675
365.4370012
364.6522402
363.8851402
363.1108988
362.3297084
361.5659239
360.7952407
360.0297664
359.2576051
358.5024591
357.7406736
356.9840313
356.2209538
355.4630642
354.7103061
353.9626238
353.2087483
352.4599906
351.7162952
350.9666196
350.2220457
349.482518
348.7479817
348.0076902
347.2724273
346.5315907
345.8062929
345.0754562
344.3495737
343.6183275
342.8920679
342.1707409
341.4442367
340.7226952
340.0060625
339.2942853
338.5775258
337.8656502
337.1489533
336.4467525
335.7302357
335.028109
334.3213427
333.6194045
332.9222422
332.2206035
331.523763
330.8316689
330.1352563
329.4436107
328.7477902
328.0567555
327.3704545
326.688836
326.0032001
325.322264
324.6374459
323.9658157
323.2819048
322.6110802
321.93652
321.266588
320.5930482
319.9241492
319.2598406
318.5920548
317.9288708
317.2702386
316.6082554
315.9508341
315.2901796
314.6340954
313.9825319
313.3278539
312.6777039
312.0320328
311.383362
310.7391762
310.0920992
309.449512
308.8113659
308.1704363
307.5339516
306.9018636
306.2670963
305.6367286
305.0037814
304.3752352
303.7442071
303.1175801
302.4953067
301.8706462
301.2503386
300.6343368
300.0160397
299.3955382
298.7858486
298.1739523
297.5599377
296.9502216
296.3384727
295.7372583
295.1278099
294.5288036
293.9217321
293.3250106
292.7264149
292.1260268
291.5358087
290.9378924
290.3441977
289.7546787
289.1692905
288.5765188
287.9936449
287.4091945
286.8232433
286.2470149
285.6637405
285.0846038
284.50956
283.9331462
283.3608141
282.7871774
282.2176103
281.6520691
281.0800516
280.5173138
279.9533909
279.3883498
278.8273386
278.2703138
277.7122227
277.1531297
276.5980372
276.0469019
275.4948129
274.9418325
274.3976194
273.8477345
273.3018015
272.759778
272.2169591
271.6734035
271.133765
270.5980013
270.0615408
269.5244401
268.9912196
268.4574051
267.9274516
267.4013176
266.8746249
266.347427
265.8240509
265.300212
264.7759622
264.2597159
263.7388865
263.2218576
262.7085883
262.1949768
261.6810719
261.1709239
260.6605195
260.1538497
259.6469593
259.143781
258.640417
258.1369127
257.6371143
257.1372086
256.6409849
256.1446858
255.6483545
255.1556965
254.6666722
254.1776336
253.6886221
253.1996788
252.714373
252.2326658
251.7475644
251.2660882
250.7881981
250.3104559
249.8328996
249.3589158
248.8851421
248.4116153
247.9416459
247.4719459
247.0057761
246.5398977
246.0743456
245.6123067
245.1506146
244.6893028
244.2314862
243.774069
243.3170838
242.8635744
242.4105145
241.9609019
241.5088123
241.0601863
240.6149866
240.1674236
239.723302
239.2825849
238.8396146
238.4000626
237.9638924
237.5255754
237.090653
236.6563848
236.2254806
235.7952424
235.3656965
234.9368689
234.5113853
234.08663
233.6626279
233.2419434
232.8195015
232.4003856
231.9845599
231.5670679
231.1528737
230.7395199
230.3270293
229.9178074
229.5094546
229.1019927
228.695443
228.2921351
227.8874539
227.4860188
227.0877949
226.6882769
226.2919735
225.8966508
225.502328
225.1090238
224.7167568
224.3276743
223.9396304
223.5526428
223.1667291
222.7839671
222.4022792
222.0196555
221.6401829
221.2638277
220.8866022
220.5105321
220.1375774
219.7657763
219.3951438
219.0256948
218.6574436
218.2922694
217.9264408
217.5636857
217.2021529
216.8418558
216.4828075
216.125021
215.7685088
215.4150258
215.0610842
214.7101662
214.3605412
214.0122208
213.6652165
213.3195392
212.9752
212.6322096
212.2905783
211.9519144
211.6130178
211.2755105
210.9409583
210.6077868
210.2744762
209.9441074
209.6151466
209.2861137
208.9600082
208.6353361
208.3121057
207.9903247
207.670001
207.3511419
207.0337549
206.7178471
206.4034253
206.0891362
205.7777192
205.467808
205.1594088
204.8525275
204.5471702
204.2433425
203.939775
203.6390347
203.3398401
203.0421961
202.7448797
202.450363
202.1562062
201.8648348
201.5738547
201.2844745
200.996698
200.7105288
200.4259703
200.1430259
199.8616986
199.5819916
199.302814
199.0263668
198.7504756
198.4772983
198.2047029
197.9337639
197.6634527
197.3958424
197.1298938
196.8646086
196.6010083
196.339094
196.0788668
195.8203274
195.5625269
195.3073755
195.0529836
194.8003014
194.5493291
194.2991651
194.05073
193.8049062
193.5590451
193.3157944
193.073416
192.833628
192.5947291
192.3567453
192.1213399
191.8868653
191.6541476
191.4223933
191.1931934
190.9649711
190.7385162
190.5130694
190.289403
190.0675147
189.8474021
189.6283391
189.4110633
189.195572
188.9811635
188.7685499
188.5570456
188.3480206
188.1394477
187.9333472
187.7283902
187.5252396
187.3232562
187.1230871
186.924728
186.7275627
186.5322143
186.3380813
186.1457715
185.9546978
185.7660279
185.5780317
185.391869
185.2075349
185.024478
184.8432536
184.6638564
184.4852312
184.3089684
184.1340193
183.9603991
183.7886197
183.6181848
183.4495923
183.2828364
183.1169695
182.9534172
182.7912385
182.6304464
182.471054
182.3135118
182.1578131
182.0035257
181.8506616
181.6996455
181.5500634
181.4023274
181.2560357
181.1111991
180.9682108
180.8266868
180.6866373
180.5484369
180.4117192
180.2764936
180.1431169
180.0112393
179.8812058
179.7523479
179.62534
179.5001739
179.3762142
179.2541012
179.133524
179.0147872
178.8972985
178.7816541
178.6675639
178.5553106
178.4443437
178.3352165
178.2276592
178.1216779
178.0175288
177.914712
177.8137285
177.7143335
177.6165321
177.5203293
177.4259506
177.3329545
177.2417818
177.1522164
177.0642624
176.9779236
176.8932039
176.8101068
176.7286358
176.6487941
176.5707591
176.4941806
176.4194056
176.3461013
176.2745968
176.2045765
176.1363517
176.0696237
176.0046866
175.9412582
175.8796153
175.8194924
175.7611492
175.7043365
175.6491823
175.5957984
175.5439592
175.4937804
175.4452621
175.3984045
175.3532077
175.3095837
175.2677117
175.2274194
175.1887941
175.151835
175.1165414
175.0829123
175.0508845
175.020526
174.9918356
174.9648117
174.9394527
174.9157122
174.8936399
174.8732339
174.8544919
174.8373806
174.8219354
174.8081539
174.7960121
174.7855351
174.7767201
174.7695522
174.7640465
174.7601999
174.7580064
174.7574714
174.7585913
174.761369
174.7658098
174.7718936
174.7796386
174.7890493
174.8001091
174.8128377
174.8272123
174.8432285
174.860914
174.8802724
174.9012693
174.9238997
174.9482451
174.9741787
175.001833
175.031065
175.0620226
175.0946033
175.1288015
175.164734
175.2022826
175.2414416
175.2822736
175.3247797
175.3689613
175.4147435
175.462198
175.5113256
175.5620442
175.614517
175.6684897
175.7242168
175.7816135
175.8405859
175.901223
175.9635241
176.0274889
176.0930142
176.1603015
176.2291433
176.2996407
176.3717923
176.4455969
176.5210529
176.5981586
176.6769121
176.7571917
176.8392333
176.9229167
177.0081141
177.0950723
177.1836653
177.2737591
177.3656115
177.4590904
177.5541927
177.6509155
177.7492556
177.8492097
177.9509175
178.0540911
178.1590147
178.2655415
178.3736676
178.4833894
178.5947027
178.7077577
178.8223992
178.9386229
179.0564244
179.1759595
179.2970664
179.4197406
179.5441417
179.6701034
179.797788
179.9268576
180.0576428
180.1901426
180.3241833
180.4597595
180.5970411
180.7358501
180.8763586
181.0183859
181.1621066
181.3073372
181.4542544
181.6026724
181.75277
181.9045447
182.0578068
182.2127384
182.3691474
182.527218
182.686947
182.8481389
183.0109809
183.1754694
183.3416012
183.5091761
183.6783851
183.8492244
184.0216902
184.1955782
184.371083
184.5482004
184.7269263
184.9072565
185.0891866
185.2727121
185.4576221
185.6443242
185.8323999
186.02226
186.2134824
186.4064812
186.6008309
186.7969487
186.9946186
187.1938357
187.3945945
187.59689
187.8007166
188.006069
188.2131589
188.421547
188.6316629
188.8432837
189.0566234
189.2714578
189.487781
189.7055872
189.9250926
190.1460702
190.368514
190.5926419
190.8182248
191.0454818
191.2741825
191.5043207
191.7361168
191.9695659
192.2044354
192.440719
192.6786388
192.9181897
193.1591369
193.401704
193.6458854
193.8914452
194.1386079
194.3873679
194.6374878
194.8894254
195.1424781
195.3973373
195.6537649
195.9115211
196.1708333
196.4316956
196.694102
196.9580465
197.2235231
197.4905258
197.7590483
198.0290844
198.3006281
198.5736729
198.8482126
199.1242409
199.4017514
199.6807377
199.9614316
200.2433503
200.5269642
200.8120283
201.0987752
201.3867204
201.6763355
201.9676146
202.2600717
202.5541797
202.8499324
203.147083
203.445625
203.7457919
204.0473369
204.3504937
204.6550151
204.9611351
205.2686061
205.5776625
205.8882976
206.2002633
206.5137942
206.8288837
207.1455249
207.4634693
207.7829517
208.1039654
208.4262615
208.750317
209.075641
209.4027107
209.7310351
210.060849
210.3923879
210.7251604
211.0594015
211.3953464
211.7325038
212.0713509
212.4116384
212.7533592
213.0965063
213.4410724
213.7872926
214.1349175
214.4839401
214.834595
215.1866331
215.5400471
215.8950718
216.2516997
216.6094401
216.9690108
217.3299211
217.6921639
218.0559732
218.4213416
218.7880204
219.1562435
219.5260035
219.8972928
220.2698631
220.6439478
221.0195395
221.3966306
221.7752136
222.1550406
222.5365847
222.9193581
223.3038331
223.6897621
224.0768981
224.4657127
224.8559586
225.2478672
225.6409529
226.0356859
226.4318197
226.8293467
227.2282592
227.628788
228.0309248
228.4341862
228.8392778
229.2454789
229.6534941
230.0628407
230.4735113
230.885735
231.2995037
231.7145731
232.1311718
232.5492917
232.9689248
233.390063
233.8124631
234.2365876
234.6619585
235.0888028
235.5171125
235.9471135
236.3783299
236.8112211
237.2453122
237.6810618
238.1182286
238.5570371
238.9972464
239.4388486
239.8818359
240.3264318
240.7723966
241.2199534
241.6688628
242.1193475
242.5711689
243.024549
243.4794793
243.9357219
244.3934982
244.8527999
245.3136183
245.7757167
246.2395436
246.7046341
247.1714359
247.639485
248.109228
248.5802023
249.0528532
249.5269454
250.0024707
250.4796463
250.9580126
251.4380121
251.919636
252.4026506
252.8870478
253.3730434
253.8604047
254.3493471
254.8398614
255.3317161
255.8251257
256.3200811
256.8163519
257.3143729
257.8136922
258.3145227
258.8170762
259.3209026
259.8262141
