0.2766185265
0.1932424669
0.1571352585
0.1358022956
0.1213143088
0.1106523429
0.1023833065
0.09572809855
0.09022198314
0.08556830201
0.08156761557
0.07500502515
0.06980794443
0.06556026515
0.06200418631
0.05761140133
0.05403691142
0.0510546149
0.04775190327
0.04440370802
0.04167358968
0.03897922736
0.03641200407
0.03429326487
0.03204460156
0.03000023812
0.0279969865
0.02622340454
0.02454377414
0.0229820924
0.02154654254
0.02012302078
0.0188563933
0.01764976459
0.01652375214
0.01546107942
0.01445482708
0.01353728566
0.01266287151
0.01184737371
0.01108775048
0.01038171665
0.009720902249
0.009101313455
0.008521205692
0.007979792763
0.00747651337
0.007006142865
0.006570210045
0.006166041228
0.005789920068
0.005443566311
0.005125307009
0.004833343826
0.004568429221
0.004330428747
0.004118790958
0.003934186692
0.003777103456
0.003647701879
0.003547142473
0.003475790225
0.003434252088
0.003422888748
0.003441791684
0.003490831358
0.003569550944
0.003677458612
0.00381384694
0.003978097617
0.004169601183
0.004388051839
0.004633146329
0.004904927764
0.005203627939
0.005529809233
0.005884181106
0.006267673964
0.006681585383
0.007127334974
0.007606528667
0.008121079154
0.008673053231
0.009264810466
0.009898888851
0.01057804875
0.0113053514
0.01208407571
0.01291785077
0.01381051814
0.01476633376
0.01578985539
