0.2687569086
0.1899768805
0.155054849
0.1343114875
0.1201479086
0.1097204425
0.1015371573
0.09494907117
0.08947316694
0.0848579104
0.08089314437
0.07742982234
0.07438036174
0.07166450562
0.06922938389
0.06702868983
0.06502638249
0.06319016299
0.06149915446
0.05993644317
0.05848996778
0.05713897225
0.05587764214
0.05469843746
0.05359676261
0.05254849935
0.05155614853
0.05061581239
0.04972269463
0.04887300159
0.04806127866
0.04729275309
0.04655739718
0.0458540441
0.04518160315
0.04453867341
0.04392577141
0.04333655274
0.04277213251
0.04222787922
0.0417012929
0.04119175035
0.0406991155
0.04022598719
0.03976724333
0.03932431172
0.03889578118
0.03848125819
0.03807881386
0.03768937971
0.03731489097
0.03695400951
0.03660458919
0.03626456489
0.03593643058
0.03561812644
0.03530771844
0.03500645366
0.03471319924
0.03442706777
0.03414822459
0.0338764283
0.03361087723
0.03335209708
0.0331004405
0.03285487424
0.03261531649
0.03238063029
0.03215285072
0.03192924597
0.03171110429
0.03149532376
0.03128433347
0.03107799562
0.03087622449
0.03067902008
0.03048547173
0.03029510639
0.03010791097
0.02992535021
0.02974714089
0.02957254401
0.02940033511
0.02923172453
0.0290656227
0.02890158169
0.02874039512
0.02858238092
0.02842776836
0.02827624352
0.02812691137
0.02797939125
0.02783410909
0.02769126001
0.02754960784
0.02740882973
0.0272704424
0.02713434183
0.02700028849
0.02686878127
0.02673886507
0.02660987393
0.02648260444
0.02635749029
0.02623385018
0.02611142632
0.02599100691
0.02587219463
0.02575396932
0.02563694253
0.02552140509
0.02540746444
0.02529523748
0.02518489839
0.02507612733
0.02496806792
0.02486093882
0.02475523275
0.02465132372
0.02454868988
0.02444741455
0.02434704988
0.02424785063
0.02414957267
0.02405235415
0.02395670053
0.02386163121
0.02376763225
0.02367474318
0.02358230045
0.02349119572
0.02340078129
0.02331123199
0.02322283231
0.02313588984
0.02304983115
0.02296460808
0.02288046396
0.02279732622
0.02271539518
0.0226343551
0.02255478532
0.02247632032
0.02239908418
0.02232212338
0.0222461266
0.0221706871
0.02209556207
0.02202071656
0.02194665107
0.02187307282
0.02180041758
0.02172822541
0.02165670598
0.02158599781
0.02151615371
0.02144715121
0.02137822592
0.02130972438
0.02124161064
0.02117380496
0.0211063279
0.02103943355
0.02097316117
0.02090765195
0.02084347075
0.02077990462
0.02071692154
0.02065423937
0.02059216289
0.020530678
0.02047005923
0.02040982426
0.02035010472
0.02029072289
0.02023163224
0.02017293164
0.02011457038
0.02005668169
0.01999945067
0.01994260863
0.01988625423
0.01983020452
0.01977468254
0.01971960726
0.01966491531
0.01961040469
0.01955683284
0.0195040032
0.01945181515
0.01940030653
0.01934926425
0.01929840842
0.01924777182
0.01919751073
0.01914737875
0.01909777712
0.01904848868
0.01899970472
0.01895133182
0.0189035344
0.01885642602
0.01880976095
0.01876365695
0.01871780545
0.01867201971
0.01862645966
0.01858149243
0.01853694387
0.01849290885
0.01844921971
0.01840586038
0.01836310145
0.01832064467
0.01827849006
0.01823681032
0.01819507048
0.01815331874
0.01811174681
0.01807042106
0.01802929763
0.01798854511
0.01794835823
0.01790833751
0.01786866242
0.01782894227
0.01778945842
0.01775015491
0.01771111614
0.01767225101
0.01763388289
0.01759596688
0.01755837155
0.01752093472
0.01748364339
0.01744643072
0.01740932361
0.01737256737
0.01733612403
0.01729999249
0.01722827459
0.017192764
0.01715743848
0.01712234237
0.01708749591
0.01705279051
0.01701827229
0.01698392087
0.01694988261
0.01691596852
0.01688212553
0.01684873245
0.01678253925
0.01674971979
0.01671710039
0.01668470239
0.01665247158
0.01662045078
0.01658865036
0.01655700722
0.01649405379
0.01646297434
0.0164319839
0.01640127757
0.01637060342
0.01633999237
0.01627887358
0.01624848951
0.01621827215
0.01618815382
0.01615839788
0.01609945148
0.01607037314
0.01604139343
0.01601243492
0.01595515407
0.01592646878
0.01589772321
0.01586915831
0.0158124409
0.01578433849
0.0157564815
0.01572871176
0.01567350085
0.01564611789
0.01561912111
0.01559214577
0.01553885978
0.0155125092
0.01548630955
0.01543482028
0.01540920498
0.01538376031
0.01533322504
0.01530815986
0.01528325707
0.01523383823
0.01520940344
0.0151850625
0.01513690809
0.01511312272
0.01506608121
0.01504269782
0.01501941713
0.01497315839
0.01495019678
0.01490459197
0.01488212866
0.01485969835
0.01481520943
0.01479315787
0.01474925798
0.01472746299
0.01468418993
0.01466270057
0.01462006104
0.01459892466
0.0145779311
0.01453625438
0.01451548669
0.01447417489
0.01445353016
0.01441261717
0.0143720094
0.01435182084
0.01431181486
0.01429195571
0.01425239977
0.01423267767
0.01419353693
0.01417398106
0.01413511064
0.0141156886
0.01407722805
0.01403935702
0.01402054827
0.01398318343
0.01394612899
0.01392770928
0.01389100939
0.01387266183
0.0138359628
0.01379931767
0.01378114445
0.01374499627
0.0137091455
0.01369120479
0.01365570193
0.01362064938
0.01360335076
0.0135689916
0.01353509803
0.01350163551
0.01348500766
0.01345198347
0.01341877377
0.01338578142
0.01336934989
0.01333651363
0.01330371237
0.01327144297
0.01323976384
0.01322413486
0.01319312229
0.01316239761
0.0131318591
0.0131013211
0.01308608588
0.01305568857
0.01302528033
0.01299484808
0.01296447314
0.0129340991
0.01290402142
0.01287449982
0.01284539254
0.01283094037
0.01280214882
0.01277359417
0.01274514306
0.01271665682
0.01268850132
0.0126604108
0.01263269968
0.01260554998
0.01257856259
0.01255164929
0.01252485138
0.01249806833
0.01247151146
0.01244510916
0.01241902203
0.01239312337
0.01236774009
0.01234265974
0.01230505198
0.01227998533
0.01225510721
0.0122304373
0.01220594948
0.01218177449
0.01215779322
0.01213383145
0.01209817056
0.01207433801
0.01205048286
0.01202654456
0.01200269832
0.01196708981
0.01194345346
0.01191981812
0.01189637489
0.01187310893
0.01183832765
0.01181533151
0.0117926439
0.01175866914
0.01173625894
0.01171391767
0.01169179545
0.01165884285
0.01163699171
0.01161526825
0.01158288452
0.01156147741
0.0115293179
0.01150812285
0.01148692912
0.01145503257
0.01143384343
0.01140186157
0.01138064371
0.01134897209
0.01132789964
0.01130698395
0.01127615687
0.01125578213
0.01122540139
0.01120522741
0.01117511255
0.0111452961
0.01112559479
0.01109631082
0.01107669151
0.01104754651
0.01102806643
0.01099880513
0.01096967963
0.01095029321
0.01092153117
0.01089292009
0.01087397348
0.01084583148
0.01081812997
0.01079983939
0.01077249596
0.01074516682
0.01071798669
0.01069991348
0.01067301922
0.0106463841
0.01062011158
0.01060270801
0.01057685837
0.01055111634
0.01052559017
0.01050035557
0.01047515907
0.01045849492
0.01043358687
0.01040862804
0.01038377859
0.01035908466
0.01033440519
0.01030989303
0.01028548783
0.01026138467
0.01023738422
0.01021357712
0.01019007868
0.01016665294
0.0101434206
0.01012032106
0.01009756052
0.01007509893
0.01005282132
0.01003085232
0.01000198967
0.009980462116
0.009959166174
0.009938053205
0.009917023673
0.009896063549
0.009868465477
0.009847825768
0.009827315478
0.009806645351
0.009779311647
0.009758885831
0.009738423875
0.00971824428
0.009691858891
0.009672291249
0.009653024067
0.009627480494
0.00960860044
0.009583672892
0.009565240023
0.009546782215
0.009522235408
0.00950377701
0.009479343342
0.009460852184
0.009436534031
0.009418494642
0.009394706117
0.009377036813
0.009353677499
0.009330254541
0.009312740139
0.009289278063
0.00927178307
0.009248661037
0.009225667597
0.009208482452
0.009185885496
0.009163463415
0.009146636688
0.009124491761
0.009102607395
0.009080857223
0.009059212679
0.009043101238
0.009021623507
0.009000289355
0.008979017651
0.008957858712
0.008936916251
0.008916164156
0.008900706508
0.008880123987
0.00885967598
0.008839288429
0.008818968774
0.008798733813
0.008778694931
0.008759007275
0.008739273722
0.008714640849
0.008695017576
0.008675463176
0.008655948561
0.008636619373
0.008617454036
0.008598800941
0.008575784366
0.008557382552
0.00853929061
0.008521392392
0.008499157025
0.008481395286
0.008464013564
0.008442673059
0.008425743381
0.008408903328
0.008388074669
0.008371602579
0.008351114034
0.008334743058
0.008314386483
0.008298275904
0.008278556189
0.008262784397
0.008242935514
0.008227267497
0.008207915841
0.008188760395
0.008173532499
0.008154783989
0.008139913578
0.008121559364
0.00810334623
0.008085273846
0.008070911855
0.008053007286
0.008035342448
0.008017977178
0.008000712882
0.007983815842
0.007970500391
0.007953906424
0.00793757241
0.007921376987
0.00790510548
0.007888942105
0.007873030467
0.007857194799
0.007841341952
0.007825639838
0.007807115497
0.007791647055
0.007776150468
0.007760663132
0.007745430459
0.007730388494
0.007712424672
0.007697589032
0.007682479009
0.007664332636
0.007649258507
0.007634328755
0.007616516347
0.007601789335
0.007587036521
0.007569473978
0.007554906004
0.007537845008
0.007523824972
0.007507108595
0.007490550725
0.00747705789
0.007461116102
0.007447928149
0.007432109287
0.007416405243
0.007400854041
0.007387830342
0.007372467405
0.0073571083
0.007341714003
0.007326266918
0.007313660559
0.007298763378
0.007284066109
0.007269433457
0.007254858133
0.007240362338
0.007225779449
0.007211195135
0.007196739781
0.007179931389
0.007165338615
0.007150785735
0.007136325969
0.007121964896
0.007105339638
0.007091481026
0.007077558406
0.007063730567
0.007047639075
0.007033925099
0.007018070999
0.007004654227
0.00698912256
0.006976196067
0.006961391889
0.006948912101
0.006934658539
0.006922485447
0.006908205379
0.006894009398
0.006881762122
0.006867807727
0.006853829725
0.006839764213
0.006825611066
0.006813719115
0.006799968845
0.006786497754
0.006773289099
0.006760158066
0.006747208405
0.00673437151
0.006721534652
0.006708760691
0.006694325919
0.006681708885
0.006668951598
0.006656461572
0.006643842036
0.006629213374
0.006616407119
0.006603773942
0.006589484204
0.006577304779
0.006563602684
0.006551638049
0.006538194233
0.006526530498
0.006513302067
0.006501697938
0.006488471025
0.006475350518
0.006464054
0.006451198712
0.00643848132
0.006425783633
0.006413205881
0.006400689576
0.006389922268
0.006377830901
0.006365830104
0.006353892681
0.006340548295
0.006328651748
0.006316885268
0.006305227003
0.006293627108
0.006282004132
0.006268924891
0.006257193009
0.006245506625
0.006232287651
0.006220608312
0.006207522129
0.006195669571
0.006182256976
0.006170648745
0.006157735286
0.006144770226
0.006133396652
0.006120907651
0.006108648397
0.006096496861
0.006085729622
0.006073655793
0.00606173994
0.006049879941
0.006038171579
0.006026509693
0.006015132094
0.00600396474
0.005991763463
0.005980839528
0.005969862749
0.005958761848
0.005946322612
0.005935247342
0.005924097529
0.005911956702
0.00590128413
0.005889584142
0.005879112364
0.005867682876
0.005856430586
0.00584651338
0.005835530554
0.005824472164
0.005813478257
0.005802438712
0.005791429301
0.005780551804
0.005769704486
0.005758921085
0.005748221177
0.005737766271
0.005727175789
0.005716382797
0.005705599305
0.005693984849
0.005683535069
0.005672065974
0.005661539789
0.005651142551
0.005639830171
0.005628636887
0.005618528785
0.005607554094
0.005596364071
0.005586225267
0.005574980641
0.005563813524
0.005552702475
0.00554171163
0.005530806594
0.005519730984
0.005508624369
0.005497567648
0.005485428747
0.005474243631
0.005463207071
0.005451425756
0.005440809202
0.005430295858
0.00541877958
0.005407169664
0.005396656146
0.005385372344
0.00537427648
0.005364157629
0.005353143098
0.005342103995
0.005331132233
0.005320202164
0.005309489025
0.005298812769
0.005288075929
0.005277212029
0.005265284242
0.005254344456
0.005243597543
0.005232299942
0.005221877938
0.005210703311
0.005200344462
0.005189262821
0.005178824409
0.005167401538
0.005156033032
0.005144758371
0.005133421895
0.005122155142
0.005110845848
0.005099517594
0.005088217431
0.00507700341
0.005065738321
0.005053593911
0.005042529624
0.005031595532
0.005019790991
0.005008251683
0.00499771927
0.004986629222
0.004975664412
0.004965468453
0.004954550154
0.004943695165
0.004933126706
0.004922590282
0.004911989883
0.004901717981
0.004891459848
0.004880479051
0.004870393829
0.004859772363
0.004849875233
0.004839494852
0.004829938153
0.004819956624
0.004810868309
0.004801027878
0.004791132474
0.00478137258
0.00477164371
0.004761701326
0.004751803461
0.0047421518
0.004732082033
0.004722735959
0.004713454191
0.004703577305
0.004694392334
0.004684670544
0.0046751782
0.004666403236
0.004657022645
0.004647447712
0.004637729269
0.004628168631
0.004618763632
0.004609438013
0.004600384871
0.004590847029
0.004582066537
0.004573104711
0.004563542289
0.004554709234
0.004545468739
0.004536232705
0.004526882666
0.004518054449
0.004509038378
0.004500268642
0.004491190431
0.004482577511
0.004473957816
0.004465378633
0.004456392104
0.004447739574
0.004438703516
0.004430436366
0.004421780569
0.004413111927
0.004404688122
0.004396481988
0.004388287947
0.004380208438
0.004372153262
0.004364080774
0.004355952794
0.004347408442
0.004339463717
0.004331341594
0.004323127536
0.004315212007
0.004306919173
0.004298526033
0.004290148398
0.004281936952
0.004273766648
0.004265173704
0.004256908155
0.004248732434
0.004240237709
0.004232273362
0.004223901349
0.004215521377
0.004207310185
0.004199247115
0.00419134415
0.00418358574
0.004176059908
0.004168516233
0.004160609103
0.004153380791
0.004145830476
0.004138666828
0.004131067735
0.004123759534
0.004116778435
0.00410986999
0.004102919822
0.004096046563
0.004089406352
0.004082683822
0.004076464227
0.004070043736
0.004063878776
0.004058253366
0.004052458752
0.004046569452
0.00404043183
0.004034584759
0.004028529619
0.004022758299
0.004017040855
0.004011118762
0.004005607533
0.003999822327
0.00399400181
0.003988135783
0.003982371495
0.003976668096
0.0039710659
0.003965213549
0.003959667135
0.003953864228
0.003948295197
0.003942528593
0.003936722197
0.003930958287
0.003925065542
0.003919061214
0.003913102603
0.003907644544
0.003902112796
0.003896683396
0.003891002461
0.003885219443
0.003879540284
0.003873952648
0.003868518155
0.003863309406
0.003858457293
0.003853615955
0.003848719857
0.003844027395
0.003839240895
0.003834700569
0.003830245693
0.00382583287
0.003821192075
0.003816614203
0.003812024026
0.003807174494
0.003802212606
0.00379739784
0.003792645201
0.00378777419
0.003782914809
0.003778004804
0.003772806033
0.003767790229
0.003762491596
0.003757163381
0.00375170529
0.003746207265
0.003740684347
0.003734922007
0.003729491005
0.003723964592
0.003718835738
0.003713500113
0.003708185724
0.003702921587
0.003697753281
0.003692343695
0.003686996766
0.003681636993
0.003676496855
0.003671225544
0.003666177357
0.003661293065
0.003656253386
0.003651207562
0.003645993287
0.003641111823
0.003636280374
0.003631638292
0.00362712551
0.003622617543
0.003618045918
0.003613762909
0.003609592241
0.003605670033
0.003601881644
0.003598114034
0.003594388104
0.003590439815
0.003586577831
0.003582812629
0.003579169755
0.003575823077
0.003572521943
0.003569254607
0.003566285035
0.003563392443
0.003560584951
0.003557861409
0.003555143869
0.003552550816
0.003549846948
0.003547001612
0.003544132553
0.003541249961
0.00353837034
0.00353542491
0.003532505303
0.003529565641
0.003526808918
0.003524131058
0.003521477016
0.003518773226
0.003516050028
0.003513305032
0.003510798151
0.003508391339
0.003506281662
0.003504282851
0.003502242316
0.003500195533
0.003498189357
0.003496399232
0.003494739928
0.00349332395
0.003491806079
0.003490093558
0.003488414791
0.003486652773
0.003484958804
0.0034832286
0.003481393009
0.003479418963
0.003477548903
0.003475732746
0.003473976501
0.003472265435
0.0034705129
0.003468816592
0.003467139875
0.003465513177
0.003463844778
0.0034621312
0.00346054513
0.003459036925
0.003457935052
0.003456889512
0.003455809874
0.003454574098
0.003453394008
0.003452170061
0.003450725348
0.003449226594
0.003447783285
0.00344640939
0.003444905262
0.003443219115
0.00344159768
0.003440094502
0.00343881527
0.003437512474
0.003436225154
0.003435094174
0.003433994832
0.003432910841
0.003431701473
0.00343051033
0.003429465094
0.003428539244
0.003427854448
0.003427279863
0.003426719284
0.003426141984
0.003425605243
0.003425134817
0.003424845107
0.00342465337
0.003424501136
0.003424389686
0.003424452037
0.003424568317
0.003424801287
0.003425004724
0.003425293675
0.003425776136
0.00342629805
0.003426977222
0.003427655021
0.003428248673
0.003428748966
0.003429326992
0.003429934154
0.003430468198
0.003430987476
0.003431428743
0.003431810499
0.003431993452
0.003432238926
0.003432447193
0.003432705253
0.003432993117
0.003433495803
0.003434190753
0.003434928622
0.003435529517
0.003436076129
0.003436779391
0.003437704939
0.00343871808
0.003439782658
0.003440844619
0.00344191789
0.003443030442
0.003444286679
0.003445562908
0.003446987169
0.003448382113
0.003449690406
0.003451135276
0.003452503572
0.003453799229
0.00345495476
0.003456154909
0.003457300729
0.003458419788
0.003459479957
0.003460541997
0.003461661158
0.003462910772
0.003464065974
0.003465241802
0.003466502622
0.003467934208
0.003469333932
0.003470746717
0.003472032515
0.003473058984
0.00347396926
0.003474947266
0.003475924302
0.003476950685
0.003477983756
0.003478996863
0.0034800292
0.003481138469
0.003482289714
0.003483505256
0.003484815483
0.003486089182
0.003487483747
0.003489025693
0.003490563236
0.003492116262
0.003493661637
0.003495218373
0.003496823782
0.003498507557
0.003500198491
0.003501884425
0.003503693559
0.003505689273
0.003507818426
0.003510037663
0.003512289165
0.00351467181
0.003516907802
0.003519047122
0.003521226706
0.003523449327
0.003525833533
0.00352815219
0.00353053983
0.003532835788
0.003535055384
0.003537280286
0.003539515298
0.003541708495
0.003544008534
0.003546170914
0.003548483171
0.003550778462
0.003552938041
0.003555005692
0.003557076222
0.00355917619
0.003561247321
0.003563355826
0.003565514654
0.003567647086
0.003569809244
0.003572050278
0.00357432295
0.003576626043
0.00357896701
0.003581314829
0.00358371694
0.003586109065
0.00358854316
0.003591098325
0.003593666223
0.003596177475
0.003598566572
0.003600911847
0.003603090995
0.003605164981
0.003607230242
0.003609289959
0.003611298081
0.003613287942
0.003615329551
0.003617313324
0.003619308771
0.003621182593
0.003623107511
0.003625022183
0.003626976526
0.003628968613
0.003630915706
0.003632946759
0.00363503705
0.003637037375
0.003639078324
0.003641112823
0.003643253385
0.00364543062
0.00364758635
0.003649685879
0.003651715236
0.003653838648
0.003655945437
0.003658106896
0.003660376483
0.003662740655
0.003665056863
0.003667418082
0.003669826769
0.003672327812
0.003674897848
0.003677517553
0.003680191375
0.003682803111
0.003685447966
0.003687970323
0.003690461501
0.00369293196
0.003695438892
0.003698028942
0.003700608971
0.003703166113
0.003705750018
0.003708510313
0.003711304905
0.003714156956
0.00371714584
0.003720190198
0.003723318559
0.003726497044
0.003729694865
0.003732884696
0.003735926347
0.003738959478
0.003741939186
0.003745052345
0.003748273794
0.003751447363
0.003754590612
0.003757718208
0.00376077562
0.00376377602
0.003766788818
0.003769886598
0.003773043378
0.003776236664
0.003779480092
0.003782771837
0.00378606396
0.003789378106
0.003792659003
0.003796045479
0.003799530608
0.003802977464
0.00380637002
0.003809684318
0.003813060831
0.003816493047
0.003819998309
0.003823494968
0.003827102524
0.003830701048
0.003834356725
0.003837974372
0.003841605922
0.003845288547
0.003849118863
0.00385304856
0.003857065637
0.003861074731
0.003865079001
0.003869047506
0.003872983303
0.003876976302
0.003880987826
0.003884961441
0.003888989634
0.003892989118
0.003896901717
0.003900784573
0.003904586488
0.003908357167
0.003912054307
0.003915763969
0.003919445722
0.003923124941
0.003926690622
0.003930217579
0.003933783084
0.003937372553
0.003940928749
0.003944431361
0.00394776956
0.003951008651
0.00395419617
0.003957435646
0.003960784234
0.00396408413
0.003967293205
0.003970417929
0.003973430922
0.003976375414
0.003979257929
0.003982172848
0.003985003971
0.003987713171
0.003990408279
0.003993127551
0.00399585078
0.00399865187
0.004001461563
0.00400421002
0.004007070242
0.00400995474
0.004012961309
0.004016014722
0.004019075038
0.004022116367
0.004025194386
0.004028296218
0.004031428554
0.004034525016
0.004037652895
0.004040748584
0.004043812869
0.004046836602
0.004049921546
0.004053070238
0.004056243396
0.004059397296
0.004062590767
0.004065910784
0.004069390725
0.004072903768
0.004076473808
0.004080017366
0.004083538902
0.004087003664
0.004090450944
0.004093956754
0.004097628516
0.004101398457
0.004105157384
0.004108962727
0.004112748308
0.004116517816
0.004120368001
0.004124222574
0.00412800178
0.004131753196
0.004135433955
0.00413908531
0.004142725479
0.004146403049
0.004149992816
0.004153523892
0.004157036996
0.004160658453
0.004164364623
0.004168052739
0.0041717599
0.004175590118
0.004179296825
0.004182998523
0.004186717053
0.004190380798
0.004194053569
0.004197795241
0.004201605587
0.004205498016
0.004209443034
0.004213487014
0.004217649568
0.004221846392
0.004226065807
0.004230341388
0.004234599375
0.004238841948
0.004243117351
0.004247473259
0.00425181832
0.004256207612
0.004260606605
0.004265002491
0.004269406173
0.004273858438
0.00427842421
0.004282979584
0.004287499375
0.004292011358
0.004296718463
0.004301563999
0.00430653085
0.004311514364
0.004316616263
0.004321695354
0.004326736216
0.004331883837
0.004337148136
0.004342570761
0.004348021874
0.004353513023
0.004359017321
0.004364467559
0.004369870912
0.004375289636
0.004380693981
0.00438614007
0.004391629212
0.00439706349
0.00440250296
0.004407983499
0.004413556874
0.004419222366
0.004425019223
0.004430862804
0.004436662677
0.004442493457
0.004448334065
0.004454224508
0.00446012785
0.004465986586
0.004471891502
0.004477820394
0.004483711894
0.004489603887
0.00449553417
0.004501448835
0.004507367729
0.004513384408
0.00451947812
0.0045254892
0.004531536521
0.004537584146
0.00454367982
0.004549827665
0.00455595148
0.004561936751
0.004567922479
0.004573885741
0.004579954694
0.00458605883
0.004592213736
0.004598404263
0.004604742087
0.004611102886
0.004617501083
0.004623864765
0.004630174389
0.004636588643
0.004643079241
0.004649613302
0.004656302089
0.004663061673
0.004669849751
0.004676650925
0.004683490571
0.004690364368
0.00469725862
0.004704199914
0.004711167727
0.004718126109
0.0047251658
0.004732297378
0.00473944283
0.004746642832
0.004753900335
0.004761180749
0.004768494234
0.00477592785
0.004783397453
0.004790911325
0.004798472185
0.004806031525
0.004813558741
0.004821062044
0.004828620457
0.004836135896
0.004843691596
0.004851310492
0.004858972573
0.004866686247
0.004874442205
0.004882321198
0.004890221811
0.004898164923
0.004906107976
0.004914101753
0.004922132868
0.004930249414
0.004938456626
0.004946713521
0.004955063076
0.004963513636
0.004972019595
0.004980673535
0.004989329557
0.004998039461
0.00500677738
0.005015539208
0.005024400847
0.005033344938
0.005042355109
0.005051498404
0.005060622758
0.005069838325
0.005079186912
0.005088601674
0.005098067716
0.005107577576
0.005117106013
0.005126720921
0.005136385063
0.005146094922
0.005155819935
0.005165589283
0.005175396403
0.005185211734
0.005195039014
0.005204849052
0.005214656607
0.005224492803
0.005234380413
0.005244368349
0.005254420119
0.005264524875
0.005274705463
0.005284881416
0.005295032094
0.005305241937
0.005315437543
0.005325692725
0.005335949036
0.005346241493
0.005356578392
0.005366921035
0.005377254516
0.005387639578
0.005398045263
0.005408487321
0.005418974902
0.005429489738
0.005440044187
0.005450594891
0.005461141053
0.005471746296
0.005482340419
0.00549288307
0.005503404823
0.005513878913
0.005524365277
0.005534871259
0.005545384971
0.005555938976
0.005566564818
0.005577223677
0.005587870691
0.005598512056
0.005609214112
0.005619863354
0.005630563487
0.005641274927
0.005652016052
0.005662736932
0.005673513535
0.00568432622
0.005695209535
0.005706086147
0.005717004113
0.00572791488
0.005738852662
0.005749821043
0.005760765123
0.005771751396
0.005782759133
0.00579377316
0.005804806751
0.005815858659
0.005826974291
0.005838118043
0.005849325076
0.005860589268
0.00587191855
0.005883307659
0.005894718427
0.005906172331
0.005917622838
0.005929078386
0.005940567866
0.005952095857
0.005963702708
0.005975368529
0.00598707142
0.005998816722
0.006010612661
0.006022460006
0.006034342937
0.006046253868
0.006058212999
0.006070244001
0.006082351725
0.006094468664
0.006106585901
0.006118740653
0.006130946798
0.00614320954
0.006155516742
0.006167914846
0.006180341736
0.006192867131
0.006205510179
0.006218224837
0.006231037799
0.006243934257
0.006256912899
0.006269990286
0.006283132093
0.006296337984
0.006309600494
0.006322969164
0.006336382891
0.006349958495
0.00636356008
0.006377259277
0.00639097065
0.006404721898
0.006418609091
0.006432568782
0.006446546089
0.006460533054
0.00647454011
0.006488649072
0.006502838109
0.006517170575
0.006531542173
0.006545962841
0.00656044105
0.006574991383
0.006589611473
0.006604227089
0.006618817487
0.006633409389
0.006648016893
0.006662681813
0.006677322517
0.006691915637
0.006706469368
0.006720985644
0.006735429099
0.006749832567
0.006764288847
0.006778774802
0.006793377789
0.006808014772
0.006822781542
0.006837594904
0.00685238442
0.006867211376
0.006882083615
0.006897016874
0.00691201223
0.00692704874
0.006942094124
0.006957194115
0.006972236487
0.0069872144
0.007002246937
0.007017356738
0.007032531484
0.007047663462
0.007062671908
0.007077578605
0.007092369041
0.007107091818
0.007121742603
0.007136374143
0.007150962956
0.007165561624
0.007180174443
0.007194769495
0.007209238271
0.007223668798
0.007238065256
0.007252408008
0.007266753607
0.007281109438
0.007295497311
0.007309896423
0.007324143577
0.00733846183
0.007352778554
0.007367011786
0.007381107233
0.007395194588
0.007409398252
0.007423580897
0.00743776582
0.007451990802
0.00746621382
0.007480394301
0.007494626577
0.007509012781
0.007523365169
0.007537585439
0.007551986939
0.007566483038
0.007581196633
0.007596076753
0.007611049187
0.007626096425
0.007641418116
0.007656923304
0.007672591146
0.007688525589
0.007704726145
0.007720941831
0.007737313939
0.007753825043
0.00777050323
0.007787512256
0.007804876067
0.007822576145
0.007840426349
0.007858525673
0.007876804254
0.007895289432
0.007914108121
0.007933220519
0.007952570624
0.007972335888
0.007992405911
0.008012900389
0.008033697739
0.00805459973
0.008075884393
0.008097308171
0.008118741194
0.008140378334
0.008162137439
0.008183842094
0.008205473101
0.008227074968
0.008248874321
0.008270893771
0.008293129321
0.00831558212
0.008337831725
0.008359914866
0.008381970154
0.008404126431
0.008426278787
0.008448522979
0.00847087682
0.008493205954
0.008515501246
0.008537637324
0.008559584101
0.00858136041
0.008603040169
0.008624800379
0.008646690009
0.008668675402
0.008690789329
0.008713157205
0.008735810594
0.008758647419
0.008781998321
0.008805585154
0.008829369267
0.008853213197
0.008877226344
0.008901492828
0.008925944029
0.008950467679
0.008975186442
0.008999760927
0.009024211044
0.009048585061
0.009073127803
0.009097748951
0.00912258829
0.009147765318
0.009173020321
0.009198494635
0.009223977416
0.009249453541
0.009274992242
0.009300921301
0.009326996829
0.009353218433
0.00937942415
0.00940529162
0.009431061316
0.009456979146
0.009483097973
0.009509073677
0.009535194768
0.009561479548
0.009587801507
0.00961423757
0.009640639811
0.009666993914
0.009693458742
0.009720101227
0.00974687289
0.009773491616
0.009800271226
0.009827167661
0.009854084196
0.009880747482
0.00990715906
0.009933665296
0.009960033262
0.009986394824
0.01001304846
0.0100396867
0.01006656048
0.01009352721
0.01012058421
0.01014776066
0.01017536307
0.01020295005
0.010230381
0.01025786243
0.01028535863
0.01031300397
0.01034048072
0.01036774682
0.01039473562
0.01042170191
0.01044861577
0.01047554606
0.01050244474
0.01052953084
0.01055689826
0.01058458536
0.01061254395
0.01064065597
0.0106687146
0.0106967751
0.01072485923
0.01075278973
0.01078057103
0.01080848063
0.01083656676
0.01086449639
0.01089239963
0.01092007205
0.01094755701
0.01097490229
0.01100227664
0.01102961832
0.01105670698
0.01108360437
0.01111051603
0.01113743831
0.01116460871
0.01119220135
0.01121980025
0.01124770406
0.01127618637
0.01130490016
0.01133373875
0.01136268231
0.01139116143
0.01141946661
0.01144781237
0.01147631159
0.0115046628
0.01153267253
0.01156081404
0.01158939106
0.0116178103
0.01164633331
0.0116746118
0.01170266233
0.01173042109
0.01175789257
0.01178483199
0.01181101055
0.01183669872
0.01186163659
0.01188582247
0.01190925523
0.0119314903
0.01195248689
0.01197201782
0.01198987844
0.0120061301
0.0120211539
0.01203547385
0.01204913494
0.01206185634
0.01207473333
0.01208778392
0.01210052912
0.01211269131
0.01212391257
0.01213436408
0.01214400855
0.0121526511
0.01216027595
0.01216714422
0.01217302117
0.01217891605
0.0121845437
0.01218919999
0.01219338287
0.01219754873
0.01220131904
0.01220417852
0.01220663661
0.0122091849
0.01221191075
0.01221515342
0.01221884141
0.01222215675
0.01222537891
0.01222845185
0.01223077385
0.01223246227
0.01223317802
0.01223279657
0.01223195965
0.01223032902
0.01222862486
0.01222673698
0.01222530046
0.01222390363
0.01222329849
0.01222253911
0.01222218152
0.01222284962
