0.2687159864
0.1899045585
0.155118951
0.1343741216
0.1201372613
0.109564971
0.1013909412
0.09483647941
0.08940065763
0.08479448361
0.08083903139
0.07738981441
0.07432994119
0.07159258306
0.06912874014
0.06688962185
0.0648623649
0.06300690942
0.06131025413
0.05973984114
0.05828717479
0.05693792617
0.05568077425
0.05450439988
0.05340193866
0.05235965825
0.05137845285
0.05045566541
0.04957963801
0.0487498547
0.04796538553
0.04721626094
0.04650191478
0.04581922291
0.04516515959
0.04453682761
0.04393047713
0.04334970672
0.042790639
0.04225412899
0.04173528186
0.04123770478
0.04075554254
0.04028907174
0.03983797255
0.03939853848
0.03897517837
0.03856400726
0.0381661338
0.03777968397
0.03740524533
0.03704161827
0.03668802298
0.03634497537
0.03601084039
0.03568778007
0.03537608269
0.03507295883
0.03477798459
0.03449091034
0.03421096652
0.03393734796
0.03367184254
0.0334139843
0.03316274254
0.03291729137
0.03267616394
0.03244140665
0.03221049845
0.03198459233
0.03176433497
0.03154856856
0.03133832347
0.03113215869
0.03093006385
0.03073262779
0.03053864491
0.03034943361
0.03016359143
0.02998166007
0.02980354227
0.02962797884
0.02945502854
0.02928493002
0.02911881015
0.02895550813
0.02879508191
0.02863830237
0.02848345063
0.02833198998
0.02818312561
0.02803606477
0.02789110834
0.02774879234
0.02760907902
0.02747161779
0.02733690812
0.02720365224
0.02707251034
0.02694339445
0.02681674536
0.02669228318
0.02656945887
0.02644818446
0.02632745577
0.02620845632
0.02609051268
0.02597409716
0.02585997919
0.0257466874
0.02563477333
0.02552471848
0.02541558927
0.02530741491
0.02520085241
0.02509513336
0.02499082949
0.02488783655
0.02478640795
0.02468555414
0.0245855169
0.02448730025
0.02439068567
0.02429517779
0.02420066805
0.02410698153
0.02401447979
0.02392285581
0.02383232279
0.0237431542
0.02365492577
0.02356805802
0.02348215178
0.02339737505
0.02331307089
0.02322895604
0.02314587294
0.02306367282
0.02298217278
0.02290155277
0.02282198115
0.02274372856
0.02266621897
0.02258943921
0.0225136434
0.02243816078
0.02236334145
0.02228954926
0.02221651862
0.02214402458
0.02207211391
0.02200047317
0.02192929667
0.02185881864
0.0217886341
0.02171927442
0.02165055422
0.02158220834
0.02151442879
0.02144724273
0.02138022215
0.02131379344
0.02124782031
0.02118263688
0.02111787348
0.02105429802
0.0209913623
0.02092894558
0.02086698107
0.02080527577
0.02074423922
0.02068372364
0.02062346455
0.02056383237
0.02050480608
0.02044608596
0.02038809364
0.02033052479
0.02027305526
0.02021608529
0.02015955733
0.02010335446
0.02004752408
0.01999256909
0.01993791343
0.01988365304
0.01982968368
0.01977575738
0.01972226642
0.01966929733
0.01961673525
0.01956433662
0.019512473
0.01946116116
0.01941039056
0.01935994536
0.01930981586
0.01926013994
0.01921102291
0.01916227411
0.01911404987
0.01906629042
0.01901887005
0.01897180666
0.01892513237
0.01887873046
0.01883268837
0.01878708424
0.0187420509
0.01869743337
0.01865295648
0.01860900514
0.01856554886
0.0185222394
0.01847942672
0.01843700649
0.01839445671
0.01835202376
0.01830993072
0.01826822125
0.01822693055
0.01818571217
0.01814472756
0.01810405013
0.01806383473
0.01802395202
0.01798449367
0.01794513379
0.0179060214
0.01786697632
0.01782822385
0.01778954581
0.01775128019
0.01771327009
0.01767546099
0.01763802436
0.01760082256
0.01756382529
0.01752685736
0.01749010947
0.01741677905
0.01738041871
0.01734415218
0.01730814627
0.01727225527
0.01723657465
0.01720124201
0.01716599396
0.0171307462
0.01709569978
0.01706081992
0.01702588458
0.01695625867
0.01692178589
0.01688744456
0.01685319091
0.01681907821
0.01678504699
0.01675145119
0.01671791595
0.01665156714
0.01661863095
0.01658579971
0.01655323373
0.01652101644
0.01648894633
0.0164257504
0.01639460987
0.0163636311
0.01633282067
0.01630220553
0.0162413086
0.01621132425
0.01618152738
0.0161520685
0.01609332834
0.01606392976
0.01603481866
0.01600596854
0.01594882109
0.01592062871
0.01589250067
0.01586441269
0.0158090192
0.0157817421
0.01575475712
0.01572795072
0.01567475306
0.01564855901
0.01562248468
0.01557079882
0.01554510219
0.01551956223
0.01546901632
0.0154440491
0.01541925427
0.01537009064
0.01534561655
0.01532128241
0.01527311671
0.01524907762
0.01520131458
0.01517775171
0.0151543743
0.01510809528
0.01508527492
0.01504004244
0.01501749514
0.01499510594
0.01495066088
0.01492859574
0.01488471578
0.01486279395
0.01481909953
0.01479744635
0.01475423442
0.01473281318
0.01471145877
0.01466915841
0.01464796715
0.01460599594
0.01458513532
0.01454372204
0.01450234594
0.01448174373
0.01444076444
0.01442063198
0.01438058003
0.0143606609
0.01432120795
0.01430173712
0.01426305525
0.01424378852
0.01420547584
0.01416733824
0.01414828255
0.01411001857
0.01407196638
0.0140530499
0.0140155944
0.01399692082
0.0139595937
0.01392247384
0.01390411883
0.0138674372
0.01383108975
0.01381311167
0.01377738571
0.01374168429
0.01372382841
0.01368830445
0.01365291707
0.01361787834
0.01360044017
0.01356571176
0.01353136812
0.01349721934
0.01348011142
0.01344585294
0.0134117997
0.01337786093
0.01334417839
0.01332751362
0.01329435951
0.01326126217
0.01322830277
0.01319553216
0.01317922884
0.01314676042
0.01311440757
0.01308214236
0.01305025047
0.01301848851
0.01298706373
0.01295600187
0.01292524848
0.01290998215
0.01287976227
0.01284951245
0.01281947606
0.01278952608
0.01275973573
0.01273013943
0.01270062425
0.01267112951
0.01264182579
0.01261265973
0.01258382511
0.0125552544
0.01252698321
0.01249891223
0.01247108279
0.01244350287
0.01241623781
0.01238887979
0.01234791396
0.01232084127
0.01229407809
0.01226738295
0.0122410283
0.01221485663
0.0121888813
0.0121630439
0.01212450069
0.01209907992
0.01207380144
0.01204877038
0.01202389954
0.01198690895
0.01196260107
0.01193843015
0.01191465913
0.01189105982
0.01185593676
0.01183261499
0.01180961949
0.01177510513
0.01175230258
0.01172982473
0.01170747004
0.01167438549
0.01165237768
0.01163030791
0.01159783422
0.01157653673
0.01154492318
0.01152396116
0.01150296133
0.01147178183
0.01145118327
0.01142056938
0.01140028564
0.01136998059
0.01134995296
0.01133015366
0.01130058437
0.01128103074
0.0112518829
0.01123235942
0.01120329155
0.01117464467
0.01115573206
0.01112749879
0.01110866169
0.01108047066
0.01106174381
0.01103365009
0.0110058019
0.01098752923
0.01096039418
0.01093365266
0.01091597369
0.01088965948
0.01086351935
0.01084619583
0.01082041499
0.01079478535
0.01076917067
0.01075221448
0.01072710132
0.01070219637
0.01067733651
0.01066074422
0.01063593392
0.0106113544
0.01058698497
0.01056267378
0.01053861878
0.01052269093
0.0104991185
0.01047579187
0.01045252721
0.01042937148
0.01040632152
0.01038357249
0.01036089279
0.01033840873
0.01031607931
0.01029391107
0.01027205503
0.01025022713
0.01022860842
0.01020723892
0.01018619366
0.01016545801
0.01014482775
0.01012424802
0.01009729139
0.01007711626
0.01005701175
0.01003707344
0.01001729219
0.009997716845
0.009971930123
0.009952825632
0.009933880975
0.009914973167
0.009889873309
0.009871370458
0.009853169157
0.009835113593
0.009811037383
0.009793095755
0.009775079366
0.009751397687
0.009733749689
0.009710422193
0.009693229857
0.009676175656
0.009653744171
0.009636986707
0.009614737976
0.009598236674
0.009576120382
0.009559564666
0.009537823862
0.009521773896
0.009500591368
0.009479643571
0.009464150454
0.009443472886
0.009427947661
0.009407290505
0.009386799988
0.009371593086
0.009351507734
0.009331358266
0.009316144423
0.009295941613
0.009275819205
0.009255677168
0.009235666874
0.009220877666
0.009201170482
0.009181627836
0.009162183977
0.009143068094
0.009124057627
0.009105004107
0.009090788852
0.009071800937
0.009053054122
0.009034581244
0.009016248348
0.008998022421
0.008979712281
0.008961539082
0.008943435134
0.008920797382
0.008902618773
0.008884474045
0.008866352458
0.008848486686
0.008830860971
0.008813262683
0.008791614126
0.008774534553
0.008757452492
0.008740460772
0.00871934065
0.008702605345
0.008686026965
0.00866546697
0.00864925852
0.008633114467
0.008613010926
0.008597156269
0.008577682406
0.008562326094
0.008542997073
0.008527436126
0.008508088013
0.00849267871
0.008473325514
0.008458007644
0.0084389721
0.008419880888
0.008404785361
0.008385972505
0.008371060262
0.008352829052
0.008334518914
0.008316214369
0.008301639874
0.008283615987
0.008265525679
0.008247339875
0.008229290127
0.008211140539
0.008196567774
0.00817842538
0.00816053542
0.008142822715
0.008125054524
0.008107091948
0.008089194027
0.008071545307
0.008053897955
0.008036372443
0.008015318096
0.007997910528
0.007980725789
0.007963819927
0.007946989871
0.007930406044
0.007910817294
0.007894535606
0.007878504364
0.007859407603
0.00784342534
0.007827421164
0.00780840979
0.007792743241
0.007777167713
0.007758378312
0.007742825144
0.007724385043
0.007708969601
0.007690390713
0.007672168123
0.007657238477
0.007639426217
0.007624654021
0.0076070941
0.00758961144
0.00757229529
0.007558047978
0.00754083089
0.007523809342
0.007507035594
0.007490607364
0.00747716606
0.00746116898
0.00744523309
0.007429392046
0.007413759968
0.007398332253
0.007382939675
0.007367726992
0.007352478666
0.007334811451
0.007319466581
0.007303915551
0.007288456359
0.007273077498
0.007255385651
0.007240478267
0.007225786617
0.007211196451
0.007194367497
0.007180055302
0.007163451757
0.00714922748
0.007132929639
0.00711904887
0.007103063141
0.007089375776
0.007073542086
0.007060214175
0.007044870019
0.007029712248
0.00701691527
0.007002075271
0.006987112075
0.006972233976
0.006957325039
0.0069446342
0.006930010157
0.00691555573
0.006901026523
0.0068863639
0.006871806377
0.006857330379
0.006842797372
0.006828393547
0.006811949378
0.006797795219
0.006783659262
0.006769765418
0.006756032232
0.006740498966
0.006727036518
0.006713588626
0.006698524689
0.006685665546
0.00667128156
0.006658695225
0.006644389242
0.00663199756
0.00661771648
0.006605222866
0.006590956577
0.006576534206
0.006563888344
0.006549311943
0.006534813288
0.006520496088
0.006506245338
0.006492171633
0.006480027687
0.006466364848
0.00645272036
0.00643916391
0.006424296572
0.00641127473
0.006398327787
0.006385692204
0.006373210371
0.006360762649
0.006346855676
0.006334518698
0.006322305054
0.00630863882
0.006296629832
0.006283237463
0.006271298549
0.006257943163
0.006246179057
0.006232999532
0.006219898178
0.006208041207
0.006194664499
0.006181418665
0.006168096979
0.006156244011
0.006142843931
0.006129406929
0.006115947364
0.006102758394
0.006089675606
0.006076713926
0.006063949264
0.006049851008
0.006037341086
0.006024897922
0.006012472578
0.005998850712
0.005986738001
0.00597453128
0.00596114882
0.005949146619
0.005935888689
0.005924071245
0.005911197646
0.00589861117
0.005887433171
0.005875099434
0.005863019711
0.005850874731
0.005838817855
0.00582678129
0.005814835003
0.005803206982
0.005791670752
0.005780325986
0.005769202059
0.005758010013
0.00574690756
0.005735866539
0.005723547746
0.005712292426
0.005699933797
0.005688772297
0.005677682373
0.005665377538
0.005653115924
0.00564204948
0.005629936184
0.005617970424
0.00560718239
0.005595320377
0.005583370259
0.00557176106
0.005560336566
0.005549066274
0.005537899844
0.005526884999
0.005515899958
0.005503756663
0.005492701141
0.005481924862
0.00547027043
0.005459755308
0.005449336214
0.005437985323
0.00542681908
0.005416295999
0.005404741755
0.005393096327
0.005382460346
0.005370966956
0.005359603267
0.005348221397
0.005336780227
0.0053255042
0.005314230251
0.005302966131
0.005291873612
0.005280105292
0.005269361718
0.005258798037
0.005247663279
0.005237544153
0.005226511305
0.005216315741
0.005205478336
0.005195530173
0.005184960134
0.005174475105
0.005163950781
0.00515355283
0.005143280517
0.005133077066
0.00512278487
0.005112625538
0.005102621402
0.005092544041
0.005081960271
0.005072285586
0.005062577203
0.005052186109
0.005041960454
0.00503258889
0.005022585695
0.005012614639
0.005003307076
0.004993386442
0.004983788982
0.004974369446
0.004965098335
0.004955798522
0.004946609471
0.004937471459
0.004927745413
0.00491869386
0.004908936988
0.004899854345
0.004889994951
0.004880761565
0.004870788194
0.004861590756
0.004851693527
0.004841823701
0.004832015786
0.004822267287
0.004812530283
0.004802987837
0.004793494726
0.004783203205
0.004773700762
0.004764217733
0.004754054106
0.004744760482
0.004735059513
0.004725361135
0.004716153241
0.004706261634
0.00469641152
0.004686581811
0.004676881306
0.004667096811
0.004657184791
0.004647131452
0.004636529999
0.004626550754
0.004616687507
0.004606093818
0.004596268806
0.004585799029
0.004575290061
0.004564870995
0.004554867341
0.004544362116
0.00453405305
0.00452328693
0.004513172367
0.004503301687
0.004493606984
0.004483521359
0.004474058607
0.00446408699
0.004454895608
0.004445225158
0.004435663958
0.004426309622
0.004417249636
0.004408225873
0.0043992729
0.004390424727
0.004381722578
0.004373091488
0.004364060335
0.004355737832
0.004347074494
0.004338549204
0.004330573668
0.004322316468
0.00431410974
0.004305855571
0.004297687914
0.004289550115
0.004280942201
0.004272798592
0.004264683245
0.004256221975
0.004248198016
0.004239927921
0.00423174424
0.004223393259
0.004214973504
0.004206264151
0.004197709765
0.004189312756
0.004180953035
0.004172404417
0.00416462451
0.004156588279
0.004149290238
0.004141770734
0.004134246888
0.004126815889
0.004119373339
0.004112154206
0.004104953966
0.004097746651
0.004090245905
0.004083055764
0.004075655112
0.00406849258
0.004061903055
0.004054982248
0.004048149861
0.004041447965
0.004034917982
0.004027999957
0.004021198635
0.004014572591
0.004007537656
0.004000604954
0.003993591273
0.003986537537
0.003979657157
0.003972889974
0.003966261106
0.003959902899
0.003953475743
0.003947492742
0.003941152325
0.003935052426
0.003928697484
0.003922623659
0.003916774026
0.003910856877
0.003905038136
0.003899216168
0.003893618931
0.003887598051
0.00388178524
0.003875688491
0.003869492844
0.003863512916
0.003857658807
0.003851836609
0.003845750043
0.003839592619
0.003833170783
0.003826779132
0.003820733897
0.00381432331
0.003807795254
0.003801384822
0.003795055667
0.003788525181
0.00378231578
0.003776162642
0.003769749076
0.003763435134
0.003757414604
0.003751471785
0.003745490152
0.003739562459
0.003733795869
0.003727879153
0.003722443784
0.003716823721
0.003711191421
0.003705663126
0.003700243791
0.003695051588
0.00368964954
0.003684522624
0.003679235384
0.003674050919
0.003668804028
0.003663593758
0.003658518493
0.003653616904
0.003648887898
0.003644235881
0.003639507585
0.003634947062
0.003630278489
0.003625734943
0.003621277967
0.003616524873
0.003611987093
0.00360744067
0.003603022022
0.003598691574
0.003594550128
0.003590334595
0.003586089013
0.00358192203
0.003578137126
0.003574374167
0.003570752179
0.003567184087
0.003563713094
0.003560271491
0.003556654049
0.003553324647
0.003549936086
0.003546610233
0.003543469464
0.003540504275
0.003537420954
0.003534505928
0.003531783372
0.003528983761
0.003526528552
0.003524202582
0.003522105414
0.003520031161
0.003518008027
0.003515796177
0.003513599091
0.003511489558
0.003509431136
0.003507495987
0.003505460827
0.003503386656
0.003501304986
0.003499366163
0.003497476471
0.00349559005
0.003493585893
0.003491491416
0.003489177655
0.003487046186
0.00348493056
0.003482759456
0.003480552426
0.003478144163
0.00347547075
0.003472436188
0.003469362386
0.003466365906
0.003463491549
0.003460612117
0.003457740078
0.003454879811
0.003452008008
0.003449078388
0.00344614521
0.00344331604
0.003440339864
0.003437633257
0.003434864153
0.003432390803
0.003429802013
0.003427109138
0.003424321717
0.003421376422
0.003418207711
0.003415188183
0.003412205444
0.003409242274
0.00340622518
0.003403149631
0.003400121399
0.00339708127
0.003394019804
0.003391056797
0.003388328607
0.003385728749
0.003383043363
0.003380322807
0.003377673878
0.003375101765
0.00337246012
0.003370000382
0.00336766162
0.003365358021
0.003363199935
0.003361061824
0.003359027839
0.003356928039
0.003354737054
0.003352530727
0.00335035518
0.003348184847
0.003345929775
0.003343578961
0.003341258187
0.003338718028
0.003336051267
0.003333724079
0.003331652692
0.003329547924
0.003327572347
0.003325806941
0.003323947482
0.003322158899
0.003320553863
0.003319127148
0.00331784149
0.003316585381
0.003315293279
0.003313925833
0.003312494211
0.003311066577
0.003309756857
0.003308657358
0.003307604333
0.003306506598
0.003305470548
0.003304451521
0.003303481184
0.003302507707
0.00330152251
0.00330050262
0.003299419025
0.003298433232
0.003297450538
0.003296425785
0.003295277661
0.003294087637
0.003292942595
0.003291831582
0.003290761081
0.003289673946
0.003288521732
0.003287586042
0.003286709542
0.003285657933
0.003284531784
0.003283364891
0.003282163845
0.00328119935
0.003280304284
0.003279566318
0.003278835971
0.003278082624
0.003277416339
0.003276696446
0.003275718463
0.003274908022
0.003274123188
0.003273314412
0.00327254607
0.003271792031
0.003271142636
0.003270619195
0.00326998949
0.003269449826
0.003269077723
0.003268666388
0.003268329385
0.003268044898
0.003267816362
0.0032676347
0.003267557274
0.003267447112
0.003267295159
0.003267104579
0.003266887055
0.003266897404
0.003267014585
0.003267145603
0.003267441463
0.003267769537
0.003268016746
0.003268248319
0.003268599768
0.00326896828
0.003269290066
0.003269636943
0.003269812963
0.003269863849
0.003269769263
0.003269668798
0.00326971168
0.003269859088
0.003270028991
0.003270290235
0.0032705106
0.003270774218
0.003271204742
0.00327167441
0.0032720746
0.003272497288
0.00327294097
0.003273409546
0.003273862146
0.00327458744
0.003275371368
0.003276134278
0.003276827326
0.003277541108
0.003278213211
0.003278928953
0.003279974386
0.003281384493
0.003282907745
0.003284674446
0.003286528744
0.00328850975
0.003290401998
0.003292290616
0.003294244923
0.003296358245
0.003298452451
0.003300573186
0.003302648217
0.003304831867
0.003307033653
0.003309254556
0.003311605345
0.003314023607
0.003316456795
0.003319035303
0.003321684578
0.003324327374
0.0033269262
0.003329631512
0.003332344255
0.003335206058
0.00333818135
0.003341281094
0.003344450997
0.003347652065
0.00335078176
0.00335392855
0.003357129378
0.003360472144
0.003363967194
0.003367594354
0.003371285115
0.003374961891
0.003378681763
0.003382524928
0.003386368299
0.003390239633
0.003394139945
0.003398201538
0.003402372928
0.003406638384
0.003410908466
0.003415295399
0.003419807653
0.003424296471
0.003428777835
0.003433397552
0.00343814769
0.003442684271
0.003447198101
0.003451863136
0.003456657113
0.00346146945
0.003466341092
0.003471302661
0.003476148415
0.003481248374
0.003486284627
0.003491474053
0.003496632967
0.003501832773
0.003507212635
0.003512711393
0.0035182974
0.003524014123
0.003529899469
0.003535741386
0.003541672863
0.003547777419
0.003553930104
0.003560309996
0.003566774856
0.00357323905
0.003579752728
0.003586334848
0.003593059808
0.003599783363
0.003606592034
0.003613610016
0.003620572444
0.003627587554
0.003634697872
0.003641855769
0.003649088421
0.00365630762
0.003663662696
0.003671228342
0.003678852599
0.003686613518
0.003694536073
0.003702367949
0.003710537062
0.003718769775
0.003727028622
0.003735293148
0.003743656471
0.003752101182
0.003760631371
0.003769242095
0.003777979302
0.003786727177
0.003795551652
0.003804497372
0.003813502171
0.003822633961
0.003831965352
0.003841289535
0.003850677674
0.003860154045
0.003869457711
0.003878872007
0.003888253388
0.003897648608
0.003907118059
0.003916803
0.003926533278
0.003936273973
0.003946003943
0.003955858644
0.003965776779
0.003975820545
0.003985867316
0.003995837429
0.004005791872
0.004015766815
0.004025746112
0.004035838014
0.004046062674
0.004056309232
0.004066722542
0.004077254912
0.004087830842
0.004098324341
0.004108809764
0.00411942731
0.004130080544
0.004140859637
0.004151800004
0.004162822611
0.004173775325
0.00418488558
0.004196094845
0.004207317869
0.004218597041
0.004229970556
0.004241405104
0.004252889744
0.00426451731
0.004276264859
0.004288118951
0.004300015527
0.004312106182
0.004324304571
0.004336448591
0.004348668575
0.004360829522
0.004373113136
0.004385404857
0.004397729287
0.004410249061
0.004422799896
0.004435342566
0.004448009423
0.004460682075
0.00447336405
0.004486245254
0.004499092367
0.004511947366
0.004524832102
0.004537800947
0.004550862815
0.004564126012
0.004577386649
0.004590772825
0.00460428266
0.004617759465
0.004631438417
0.004645133806
0.004658865947
0.004672824586
0.004686832929
0.004700898957
0.004715051771
0.004729317439
0.004743669909
0.004758170444
0.004772677075
0.004787134712
0.004801781804
0.004816463483
0.004831134471
0.004846008384
0.004860889632
0.004875879433
0.004891003865
0.004906209452
0.004921441292
0.00493670447
0.004952122564
0.004967641152
0.004983205875
0.004998707982
0.005014286261
0.005030090174
0.005045889431
0.005061659765
0.005077610558
0.005093605004
0.005109562999
0.005125501096
0.005141506308
0.005157606595
0.00517380278
0.005190018389
0.005206358503
0.005222760776
0.005239293151
0.005255957938
0.00527269239
0.005289575586
0.005306559077
0.005323522295
0.005340629844
0.005357740088
0.005374928602
0.005392153732
0.005409497725
0.005426909491
0.005444455042
0.005462111374
0.005479847881
0.00549760582
0.005515622572
0.00553374484
0.005551914299
0.005570139475
0.005588562139
0.005607035043
0.005625578407
0.005644303102
0.005663053734
0.005681878352
0.005700828044
0.005719860512
0.005738959081
0.005758106827
0.005777393352
0.00579677026
0.005816214991
0.005835780768
0.00585536889
0.005875061727
0.005894858051
0.005914694376
0.005934638746
0.005954656732
0.005974833724
0.005994999963
0.006015350992
0.006035782273
0.006056335636
0.006076870685
0.006097607742
0.00611837848
0.006139335773
0.006160425535
0.00618157694
0.006202875407
0.006224285273
0.006245789096
0.006267343659
0.006288979115
0.006310752369
0.006332578252
0.006354625565
0.006376715241
0.006398985777
0.006421347473
0.006443849558
0.006466398629
0.006489074097
0.006511988393
0.006534990481
0.006558099171
0.006581292957
0.006604544159
0.006627970916
0.006651401648
0.006674995373
0.006698706029
0.006722554277
0.006746541873
0.006770596004
0.006794609334
0.006818871843
0.006843169203
0.006867655088
0.006892160658
0.00691680513
0.00694161185
0.006966398979
0.00699135863
0.007016355926
0.00704149584
0.00706659634
0.007091821556
0.007117144687
0.007142632767
0.007168189398
0.00719379277
0.007219438111
0.007245220163
0.007271082575
0.007297037834
0.007323098269
0.007349200466
0.007375437425
0.007401691481
0.007428233632
0.007454778402
0.007481486388
0.007508248706
0.007535127278
0.007562045998
0.007589042659
0.007616200464
0.007643415234
0.007670726707
0.007698051233
0.007725483117
0.00775285588
0.007780411709
0.007807990024
0.007835628935
0.007863381816
0.007891199038
0.007919023448
0.007947020064
0.00797499013
0.008003099158
0.008031330077
0.008059578995
0.008087929496
0.008116297685
0.008144726447
0.008173382849
0.00820199946
0.008230761395
0.008259672003
0.008288667757
0.008317674357
0.008346705298
0.008375865525
0.00840513956
0.008434440272
0.008463845899
0.008493309421
0.008522888144
0.008552576257
0.008582301626
0.00861215389
0.008642078237
0.008671997114
0.008702021383
0.008732146218
0.008762333289
0.008792590718
0.008822864385
0.008853328484
0.008883812078
0.008914318392
0.008944962794
0.00897562396
0.009006377404
0.009037184872
0.009068161399
0.009099081249
0.00913006023
0.009161037087
0.009192164955
0.009223280269
0.009254459423
0.009285753819
0.009317086747
0.009348571182
0.009379976897
0.009411421433
0.009442948529
0.009474546318
0.009506118786
0.009537788852
0.009569430107
0.009601153389
0.009632955647
0.009664835572
0.009696753026
0.009728695654
0.009760728967
0.009792803003
0.009824885801
0.00985708602
0.009889185403
0.009921398275
0.009953578024
0.009985816361
0.01001803421
0.01005035778
0.01008259564
0.01011498204
0.01014734148
0.01017978142
0.01021219588
0.01024471488
0.01027727273
0.01030975546
0.01034228635
0.01037483503
0.01040743671
0.01044008311
0.0104727212
0.01050547355
0.01053821939
0.01057104046
0.01060388385
0.01063671097
0.01066958688
0.01070249096
0.01073547538
0.01076846996
0.01080143695
0.01083440477
0.01086738122
0.01090042494
0.01093342625
0.01096634689
0.01099924521
0.0110322299
0.01106512322
0.01109797634
0.0111308882
0.01116370094
0.0111964758
0.01122932804
0.0112621477
0.01129477035
0.011327331
0.01135973905
0.01139205897
0.01142437318
0.01145663996
0.01148865613
0.01152060792
0.01155252074
0.01158424338
0.01161602374
0.01164780242
0.01167944662
0.01171099627
0.01174241421
0.01177381623
0.01180505929
0.01183625932
0.01186733592
0.01189835102
0.01192918284
0.01196002745
0.01199066583
0.01202112285
0.01205150456
0.0120817293
0.01211168026
0.01214136709
0.01217093016
0.01220039783
0.01222948804
0.01225841734
0.01228705284
0.01231536922
0.01234366801
0.01237182143
0.01239985312
0.01242786266
0.01245566815
0.0124833046
0.01251080057
0.01253813868
0.012565241
0.01259215222
0.01261884259
0.0126454916
0.01267215685
0.01269871382
0.01272517865
0.01275145172
0.0127774063
0.0128030485
0.01282851636
0.01285378705
0.01287885097
0.01290369957
0.01292826674
0.0129526855
0.01297705068
0.01300113729
0.0130248169
0.01304826699
0.01307144349
0.01309424343
0.01311672624
0.01313891546
0.01316094793
0.0131826216
0.01320396723
0.01322494732
0.01324562099
0.01326585362
0.01328594042
0.01330586835
0.01332547093
0.01334474366
0.01336359795
0.01338191156
0.01339984941
0.01341736714
0.01343460634
0.01345168722
0.01346836444
0.01348457622
0.01350018991
0.01351547848
0.01353046926
0.01354518448
0.0135595458
0.01357365278
0.01358765895
0.01360137336
0.01361485952
0.01362805627
0.01364099894
0.01365360135
0.01366567945
0.01367746739
0.01368880049
0.01369990639
0.0137105598
0.01372097691
0.01373109654
0.01374067576
0.01374984183
0.01375848944
0.01376661973
0.01377439641
0.01378195469
0.01378936595
0.01379632511
0.01380282087
0.01380880773
0.01381415544
0.01381894772
0.01382351131
0.01382799326
0.01383260214
0.01383710049
0.01384137737
0.01384554244
0.01384951265
0.0138531464
0.01385669716
0.01386015597
0.01386331071
0.01386626049
0.01386886264
0.01387118123
0.01387358918
0.01387577076
0.01387754687
0.01387897174
0.01388024915
0.01388152865
0.01388296466
0.0138845203
0.01388610569
0.01388766111
0.0138893004
0.01389109636
0.01389297746
0.01389464298
0.01389652971
0.01389845401
0.01390037196
0.0139023936
0.01390487838
0.01390791363
0.01391136447
0.0139153137
0.01391998501
0.01392529479
0.01393107055
0.01393733883
0.01394398776
0.01395091471
0.01395820105
0.01396586139
0.01397391282
0.01398233561
0.01399125111
0.01400068311
0.01401079072
0.01402196022
0.01403427933
0.01404698146
0.01406003009
0.01407333469
0.01408701801
0.01410140527
0.01411629163
0.01413178595
0.01414753439
0.01416356462
0.01418016512
0.01419750374
0.01421575833
0.01423481906
0.01425452476
0.01427497953
0.01429631975
0.01431857523
0.01434181379
0.01436586367
0.01439102623
0.01441721839
0.01444436807
0.01447263335
0.01450158905
0.01453133162
0.01456181474
0.01459284257
0.0146246139
0.01465707261
0.01469013994
0.01472407056
0.01475873091
0.01479422901
0.0148302543
0.01486686143
0.01490399379
0.01494181496
0.0149803352
0.01501926025
0.01505892235
0.01509945485
0.01514072385
0.01518267516
0.0152254466
0.01526874826
0.01531286224
0.01535756847
0.01540320048
0.01544943188
0.01549623152
0.01554361192
0.01559157527
0.01564059963
0.01569014818
0.01574033002
0.01579122586
0.01584302562
0.01589546039
0.01594874606
0.01600280648
0.0160576656
0.01611305249
0.01616925738
0.01622654578
0.01628443148
0.01634299128
0.0164025996
0.01646273917
0.01652353503
0.01658549233
0.01664841607
0.01671243872
0.0167774556
0.01684302017
0.01690925364
0.01697642855
0.01704442214
0.01711323665
0.01718281959
0.01725330418
0.01732478833
0.01739724682
0.01747071711
0.01754509946
0.01762043046
0.01769652082
0.01777314666
0.01785047331
0.01792866077
0.0180081095
0.01808887049
0.01817043565
0.01825314809
0.01833668272
0.01842127226
0.01850710801
0.01859412566
0.01868235177
0.0187717053
0.01886201144
0.01895288905
0.01904481927
0.01913797958
0.01923204486
0.01932737602
0.01942371274
0.0195211748
0.01961947083
0.01971815766
0.01981760914
0.01991790967
0.02001906273
0.02012069616
0.02022308156
0.0203259985
0.02042948873
0.02053369517
0.02063866877
0.02074387138
0.02084981487
0.02095620559
0.02106270186
0.02116957465
0.02127708421
0.02138473001
0.02149215518
0.02159919486
0.02170586215
0.02181210662
0.02191811975
0.0220237478
0.0221286354
0.02223332996
0.02233791655
0.02244236282
0.02254634025
0.0226503745
0.02275414109
0.02285680081
0.02295806506
0.02305875561
0.0231588334
0.02325826144
0.0233566263
0.02345362733
0.02354908934
0.0236431757
0.02373608177
0.02382860265
0.02392086906
0.02401287804
0.02410444455
0.02419551392
0.02428634715
0.02437788839
0.02446933358
0.02456132812
0.02465354556
0.0247462981
0.02483996044
0.02493401515
0.02502983034
0.02512781144
0.02522758733
0.02532878031
