43772.68822
30942.84909
25277.73199
21888.08215
19586.30192
17881.21383
16559.91979
15493.94553
14604.50721
13851.0897
13204.2417
12636.57057
12136.51086
11690.91677
11291.13113
10930.84753
10602.74794
10304.04055
10027.75072
9773.383908
9536.892439
9317.090841
9112.722716
8921.816516
8742.626949
8573.095757
8413.600276
8261.804911
8117.905897
7980.831336
7850.524473
7725.889474
7607.793491
7494.288813
7385.556284
7281.48687
7182.333774
7087.301466
6995.376531
6906.621805
6821.319059
6739.021835
6659.54021
6582.610257
6508.061353
6436.118174
6366.360877
6298.912489
6233.205415
6169.783044
6108.254564
6048.287973
5990.115879
5933.686548
5879.087421
5826.060235
5774.633697
5724.710015
5676.123191
5628.677184
5582.369205
5537.157787
5492.973079
5449.967991
5407.837771
5366.876687
5327.077677
5288.442702
5250.488812
5213.203229
5176.646008
5140.828313
5105.701877
5071.313252
5037.602089
5004.472545
4972.042144
4940.430205
4909.194177
4878.384865
4848.22723
4818.780479
4789.730773
4761.173395
4733.367725
4706.094751
4679.335937
4652.97765
4627.049049
4601.442977
4576.230829
4551.468957
4527.098751
4503.05208
4479.396655
4456.167821
4433.436939
4411.103798
4389.077035
4367.342558
4345.909768
4324.851589
4304.203237
4284.026422
4263.977889
4244.221643
4224.661729
4205.268673
4186.163715
4167.199594
4148.486563
4130.057667
4111.796693
4093.629375
4075.562414
4057.867429
4040.442353
4023.449161
4006.636004
3990.158936
3973.893337
3957.775249
3941.944509
3926.267283
3910.757495
3895.401666
3880.258495
3865.260604
3850.409332
3835.77794
3821.254674
3806.90671
3792.783868
3778.813407
3764.973555
3751.32379
3737.849295
3724.606613
3711.55604
3698.636175
3685.911024
3673.286391
3660.841307
3648.537822
3636.337784
3624.319558
3612.342446
3600.445894
3588.686437
3577.056072
3565.534734
3554.028736
3542.631255
3531.296738
3520.122549
3509.073943
3498.0844
3487.19404
3476.402022
3465.788676
3455.289972
3444.8759
3434.603939
3424.4219
3414.357353
3404.405684
3394.550657
3384.713603
3374.942588
3365.227916
3355.575416
3345.933239
3336.372691
3326.847874
3317.469542
3308.111702
3298.752094
3289.462459
3280.303251
3271.203409
3262.206784
3253.266045
3244.38537
3235.538412
3226.761782
3218.05462
3209.398952
3200.849058
3192.343974
3183.89015
3175.54281
3167.214967
3158.898168
3150.612053
3142.387281
3134.194291
3126.073136
3118.012353
3109.939736
3101.945315
3094.013589
3086.093903
3078.190022
3070.312468
3062.439658
3054.623767
3046.834825
3039.090226
3031.453757
3023.843853
3016.306758
3008.894045
3001.521387
2994.196124
2986.954854
2979.755606
2972.618884
2965.551158
2958.564741
2951.653042
2944.804571
2938.018
2931.276066
2924.580016
2917.944342
2911.381777
2904.860823
2898.398631
2891.997113
2885.692874
2879.39638
2873.112967
2866.829114
2860.542021
2854.276778
2848.075987
2841.924404
2835.845977
2829.772648
2823.751668
2811.750359
2805.775003
2799.833182
2793.939848
2788.107411
2782.299636
2776.543001
2770.811137
2765.123299
2759.47658
2753.895017
2748.319538
2737.268696
2731.80155
2726.348789
2720.934328
2715.554682
2710.202382
2704.900915
2699.623713
2689.141826
2683.905958
2678.674025
2673.484615
2668.320208
2663.177189
2652.956807
2647.90125
2642.882635
2637.900245
2632.928106
2623.049665
2618.143244
2613.26684
2608.395847
2598.693639
2593.915254
2589.135466
2584.392781
2574.948856
2570.294305
2565.675393
2561.082771
2551.994058
2547.494626
2543.017014
2538.575857
2529.786477
2525.432896
2521.100929
2512.530043
2508.315535
2504.150611
2495.953838
2491.877595
2487.825201
2479.738434
2475.684568
2471.672222
2463.771245
2459.839703
2452.078278
2448.24971
2444.431406
2436.846477
2433.05133
2425.511399
2421.737356
2417.97524
2410.519504
2406.820238
2399.431298
2395.765522
2388.462601
2384.798048
2377.584468
2374.005068
2370.440713
2363.359584
2359.831409
2352.82088
2349.353971
2342.498448
2335.736096
2332.366171
2325.652099
2322.319731
2315.755753
2312.496084
2306.031516
2302.811902
2296.463672
2293.316266
2287.046255
2280.849507
2277.770181
2271.689539
2265.588891
2262.555027
2256.544186
2253.547736
2247.591831
2241.6899
2238.747863
2232.907357
2227.114485
2224.244089
2218.552606
2212.959081
2210.163253
2204.616044
2199.068369
2193.607019
2190.900677
2185.526878
2180.172049
2174.839318
2172.185678
2166.930554
2161.726747
2156.543773
2151.428596
2148.89328
2143.834753
2138.852878
2133.89692
2129.008129
2126.572223
2121.696724
2116.852046
2112.077159
2107.319009
2102.610204
2097.917503
2093.274149
2088.666554
2086.349893
2081.741754
2077.162617
2072.585902
2068.03487
2063.523692
2059.034226
2054.542334
2050.06151
2045.633344
2041.200126
2036.751173
2032.341217
2027.965127
2023.64892
2019.381013
2015.144171
2010.926725
2006.718721
2000.458146
1996.313444
1992.187943
1988.097616
1984.071641
1980.067464
1976.085564
1972.127729
1966.222845
1962.305781
1958.39615
1954.463338
1950.566964
1944.764744
1940.924793
1937.095148
1933.276318
1929.476733
1923.80934
1920.03196
1916.268279
1910.612116
1906.872604
1903.153252
1899.452775
1893.905545
1890.230059
1886.572271
1881.097098
1877.436843
1871.970331
1868.364033
1864.778903
1859.43782
1855.909281
1850.667978
1847.213146
1842.101006
1838.713769
1835.334442
1830.318667
1826.976936
1822.003102
1818.722891
1813.83426
1808.984686
1805.745528
1800.938718
1797.754359
1792.995953
1789.835032
1785.123428
1780.487469
1777.430365
1772.8815
1768.329374
1765.301703
1760.786446
1756.325038
1753.384487
1749.016486
1744.683365
1740.3367
1737.460811
1733.177861
1728.908865
1724.652879
1721.821909
1717.6184
1713.468983
1709.38175
1705.315212
1701.26291
1698.578021
1694.590458
1690.602327
1686.630766
1682.736197
1678.881526
1675.028841
1671.172244
1667.315401
1663.505399
1659.753367
1655.999756
1652.233701
1648.487259
1644.788828
1641.131018
1637.545974
1633.973551
1630.411677
1625.680666
1622.169173
1618.666095
1615.17745
1611.707635
1608.238377
1603.609126
1600.195209
1596.862404
1593.568432
1589.20037
1585.988291
1582.800167
1579.610234
1575.396973
1572.229443
1569.049492
1564.797728
1561.620908
1557.446654
1554.354199
1551.292821
1547.220121
1544.157792
1540.103897
1537.092885
1533.114056
1530.12816
1526.171862
1523.22903
1519.344253
1515.497514
1512.645296
1508.864141
1506.035727
1502.280055
1498.551398
1495.769682
1492.078326
1488.445614
1485.718975
1482.120498
1478.581548
1475.079684
1471.623148
1469.036073
1465.592929
1462.16572
1458.78337
1455.427152
1452.090151
1448.756067
1446.251934
1442.930908
1439.672125
1436.44553
1433.229504
1430.067215
1426.896099
1423.717158
1420.534895
1416.561835
1413.397969
1410.259319
1407.132738
1404.032108
1400.96149
1397.881422
1394.058287
1391.003308
1387.95042
1384.915248
1381.130809
1378.129818
1375.161865
1371.442184
1368.497898
1365.602299
1362.014467
1359.169467
1355.626661
1352.816125
1349.322496
1346.516698
1343.063072
1340.359071
1337.019128
1334.360719
1331.071596
1327.811553
1325.228165
1322.043712
1319.491715
1316.33902
1313.20644
1310.101544
1307.611471
1304.519949
1301.397172
1298.310884
1295.227826
1292.141042
1289.679621
1286.613294
1283.578933
1280.576351
1277.616342
1274.703551
1271.794355
1268.889217
1265.996683
1263.135354
1259.748399
1256.969652
1254.2177
1251.474561
1248.768685
1246.102477
1242.879528
1240.150722
1237.427897
1234.185808
1231.496456
1228.822656
1225.607764
1222.919762
1220.24948
1217.055694
1214.382267
1211.214884
1208.595048
1205.475567
1202.386979
1199.831364
1196.756607
1194.185508
1191.095637
1188.005628
1184.962519
1182.467804
1179.51526
1176.609045
1173.724592
1170.83889
1168.449322
1165.621553
1162.837182
1160.092923
1157.342237
1154.567585
1151.824803
1149.144373
1146.455765
1143.328289
1140.648299
1137.951423
1135.280673
1132.638916
1129.583444
1126.982502
1124.388561
1121.829873
1118.862896
1116.345738
1113.453208
1110.986203
1108.13285
1105.718908
1102.892278
1100.460206
1097.650124
1095.275558
1092.523443
1089.839525
1087.590192
1084.992662
1082.421573
1079.836771
1077.265975
1075.033792
1072.43614
1069.839314
1067.249637
1064.687208
1062.143575
1059.642105
1057.160842
1054.684306
1051.87384
1049.46778
1047.070835
1044.700364
1042.361054
1039.717367
1037.391125
1035.089762
1032.475449
1030.190073
1027.634314
1025.417183
1022.904285
1020.71257
1018.233542
1016.092836
1013.627412
1011.210975
1009.080746
1006.624992
1004.201431
1001.801472
999.4068951
997.0392177
994.9894945
992.7116157
990.4755298
988.2672922
985.8405174
983.698101
981.5981616
979.4942322
977.3438774
975.2047816
972.8349142
970.7641039
968.6947349
966.4211494
964.418208
962.2368304
960.316082
958.1564826
956.2685958
954.1977202
952.1664494
950.376571
948.3640353
946.3562411
944.3371836
942.5310122
940.543208
938.557428
936.5839004
934.6501274
932.719832
930.784717
928.8591738
926.7553561
924.858959
923.0024039
921.1611583
919.1181067
917.3153753
915.4777976
913.4566803
911.6749967
909.727156
907.9748416
906.0772568
904.2278306
902.6092429
900.8286422
899.0602648
897.2973837
895.564343
893.8374931
892.1068438
890.3736476
888.6596459
886.9502736
885.2416227
883.5559733
881.8927764
880.2162742
878.3342492
876.6310876
874.7404125
873.0032211
871.2837449
869.4257163
867.5625263
865.9015908
864.1290745
862.3637622
860.7672325
859.0431265
857.3156775
855.6174375
853.9590343
852.2780039
850.59337
848.9113349
847.2586934
845.5041666
843.9346947
842.398525
840.7449797
839.2502625
837.7524185
836.1397301
834.5346227
833.0453101
831.4052172
829.7705885
828.2676555
826.6239311
824.9765869
823.3472722
821.7570531
820.2135432
818.6574357
817.1001109
815.5688572
813.9128175
812.4337368
810.9624605
809.3499777
807.8597818
806.2600448
804.7760201
803.1769833
801.6845568
800.0636761
798.440628
796.8020763
795.1330551
793.4325636
791.7363221
790.0634068
788.4219487
786.7866611
785.1697862
783.4292067
781.7650566
780.090641
778.3032761
776.5379786
774.8943431
773.1149084
771.3697797
769.7822007
768.1101267
766.4680276
764.8409354
763.2142911
761.58813
759.9662052
758.382921
756.7005955
755.1379366
753.4591394
751.9070432
750.228121
748.6598272
747.0167023
745.4866072
743.8558286
742.2484897
740.6148515
738.9773414
737.3479737
735.7269763
734.1083797
732.3743534
730.7680489
729.1585284
727.4511716
725.8419733
724.1389886
722.4572801
720.9051865
719.2483299
717.5997648
715.9074971
714.2023982
712.4892287
710.8011331
709.1197372
707.3612314
705.7494917
704.1658006
702.5143977
700.943575
699.2672215
697.5938655
695.9237981
694.370893
692.7183645
691.0794169
689.3460652
687.7030585
686.032954
684.3702635
682.6411442
681.0609453
679.3975547
677.8227748
676.1705685
674.4903911
672.8701713
671.2655376
669.6545268
668.0294105
666.4078123
664.7912886
663.1928612
661.525591
659.9513872
658.2762223
656.5853377
655.0000672
653.3745621
651.7340152
650.0518664
648.3493482
646.658554
644.8877232
643.2039182
641.4986367
639.7020283
637.9841958
636.2026001
634.4163224
632.6392772
630.8654023
629.0979211
627.3450714
625.635523
623.9259755
622.1448267
620.4589149
618.7003951
617.0696917
615.4181591
613.8144054
612.2227831
610.6442262
609.0743488
607.5098641
605.9628566
604.3455868
602.8370774
601.2894301
599.7642344
598.3141002
596.7837779
595.2938176
593.841396
592.4195137
590.945722
589.5695752
588.1943854
586.7268731
585.2983458
583.7855898
582.2845093
580.8034442
579.3185123
577.8509191
576.4037107
574.898489
573.4969535
572.0389419
570.6424749
569.153871
567.6600325
566.1458722
564.6422473
563.1768501
561.6899156
560.2926878
558.8436082
557.4352356
555.9938813
554.5935629
553.2113067
551.8676947
550.545647
549.2218331
547.9080565
546.5463442
545.2015493
543.9034887
542.5775824
541.2788643
539.9517883
538.5968384
537.1641431
535.7749004
534.3836047
532.9690707
531.5966568
530.2557169
528.9056227
527.5664935
526.2663333
524.9787651
523.6464117
522.3610984
521.0258854
519.6831363
518.3621496
517.0706215
515.7923291
514.4951927
513.2236045
511.9085989
510.6312624
509.3139742
507.9929376
506.7075389
505.4459028
504.1359844
502.8856547
501.6259681
500.4031499
499.1850266
497.9692119
496.7724385
495.5360212
494.3539542
493.1437803
491.9796819
490.8251265
489.7279467
488.6713606
487.6559521
486.579958
485.536609
484.4588215
483.42268
482.4069012
481.41469
480.4028033
479.3691998
478.4170337
477.4448981
476.4355241
475.4577909
474.4444901
473.4311787
472.4469016
471.4955983
470.5358278
469.5355092
468.5382477
467.5654497
466.5877753
465.5823512
464.5241014
463.4357109
462.3848347
461.2784492
460.1945673
459.1275017
458.110684
457.0810196
456.0890829
455.0998466
454.1189679
453.1196034
452.1338424
451.120069
450.1258155
449.0970804
448.0902745
447.129035
446.1782153
445.2244217
444.2298834
443.2470166
442.2959096
441.3677215
440.47358
439.5719299
438.6505749
437.7780726
436.879087
435.9526273
435.0274582
434.0774511
433.145173
432.2223029
431.3297829
430.4506609
429.5380901
428.6658265
427.768445
426.8876236
426.012448
425.1194023
424.2358728
423.3509809
422.4999279
421.6381302
420.7897334
419.9599922
419.1057769
418.2377461
417.3835745
416.5141983
415.6444774
414.7740047
413.9198643
413.0467051
412.1696691
411.2894327
410.4391047
409.5693113
408.6766441
407.8512132
407.0582765
406.3241868
405.5835538
404.8480774
404.1165326
403.3940056
402.6819508
401.9858729
401.2519679
400.521553
399.8254271
399.1533032
398.4909802
397.8573612
397.2219592
396.5214728
395.8234392
395.134842
394.4671565
393.8095025
393.1420428
392.450785
391.7634861
391.0661052
390.3904542
389.7274835
389.1042105
388.4740905
387.8275532
387.2287404
386.6308961
386.0513962
385.4836601
384.9704558
384.4805837
383.9895045
383.513014
383.0327353
382.552581
382.0945339
381.6577729
381.2248996
380.7820703
380.3239547
379.859302
379.4182467
378.9674083
378.4960754
377.9750671
377.4318017
376.8669632
376.2951445
375.7400738
375.1383793
374.5592059
373.9727644
373.3700179
372.7549504
372.1413659
371.5427789
370.9699084
370.3923252
369.8136567
369.2049992
368.6025334
368.0001212
367.4147193
366.8223438
366.277797
365.7264818
365.1717644
364.617312
364.0559685
363.4532438
362.874447
362.3128701
361.7400826
361.1461081
360.5078744
359.8823662
359.2907954
358.7149878
358.1293808
357.5409631
356.9637052
356.3956933
355.8396331
355.2787942
354.7035675
354.0900853
353.5018341
352.9142606
352.3530588
351.7747483
351.1762986
350.614209
350.0639837
349.5465621
349.0471682
348.5268725
348.0115376
347.5209928
347.0511024
346.6322595
346.2191078
345.7966368
345.3485918
344.8763516
344.4262846
343.9743292
343.5542483
343.1335966
342.6978159
342.2502306
341.8079079
341.4220616
341.0660483
340.72174
340.3600625
340.0288319
339.7074173
339.4128411
339.1459736
338.8787134
338.6437278
338.4132031
338.1675488
337.9293766
337.6879069
337.4733814
337.2696889
337.0891179
336.9290873
336.7579863
336.5825577
336.4088345
336.2518724
336.0726535
335.8916508
335.6530702
335.3762675
335.1095953
334.8379858
334.5517166
334.2598469
333.9568425
333.6255557
333.3219758
333.024594
332.7194701
332.3861337
332.0863975
331.8030454
331.539079
331.2532344
330.9589786
330.6465673
330.2871472
329.9196409
329.5571962
329.2029947
328.8666062
328.5345537
328.1949283
327.8729136
327.5833985
327.3026126
326.9995115
326.6895106
326.3756979
326.0407376
325.6907459
325.3447161
325.0245952
324.6812782
324.3284994
323.9578169
323.5478562
323.1375416
322.7266392
322.3076247
321.8742556
321.4487778
320.9995685
320.5377067
320.0954376
319.6671603
319.2142526
318.746669
318.3024944
317.8430741
317.3159582
316.769628
316.2170425
315.6754527
315.1310774
314.587879
314.0504356
313.4756749
312.8951615
312.286735
311.6910668
311.1128211
310.5227077
309.9483338
309.3918253
308.8453255
308.2939583
307.7743095
307.2627315
306.7501955
306.2683904
305.7983294
305.3453694
304.890771
304.4418318
303.9904617
303.5267357
303.0377548
302.5335095
302.0047225
301.4751073
300.9448219
300.4209439
299.8668417
299.3078331
298.728485
298.1186597
297.486983
296.8303445
296.1651801
295.492195
294.8420008
294.1969156
293.5649657
292.9686969
292.4044277
291.8278667
291.2582003
290.699691
290.1111068
289.4970511
288.9039999
288.3212097
287.7135822
287.090605
286.4821978
285.8993356
285.2715857
284.6407836
283.9876161
283.324044
282.6702753
282.0077458
281.3821929
280.7436074
280.1172356
279.5104582
278.9121519
278.2851255
277.6422814
276.9684857
276.300943
275.6348461
274.9971098
274.3874055
273.790174
273.2013247
272.6106145
272.01893
271.4122581
270.8126132
270.2020869
269.5611392
268.913694
268.2668609
267.6312901
266.9749599
266.2964987
265.5970834
264.8819318
264.1378819
263.3683829
262.637869
261.8980967
261.1359583
260.3791792
259.6041235
258.8008816
257.9609083
257.1081856
256.2924875
255.4923823
254.6808705
253.8646765
253.0496761
252.2496768
251.4923085
250.7746005
250.0630196
249.316896
248.5235822
247.7183924
246.9191576
246.1356791
245.3324831
244.5163491
243.6906244
242.8713239
242.0626311
241.2756639
240.4811251
239.7046446
238.9344681
238.1683537
237.4126327
236.6452372
235.9139754
235.1807469
234.4258876
233.6523626
232.8747847
232.0623096
231.2647417
230.4732151
229.690289
228.922414
228.1752833
227.4193689
226.6555155
225.8781749
225.0957893
224.33977
223.5911589
222.8554205
222.1449936
221.4425647
220.7493763
220.0830937
219.4199568
218.7371485
218.0635453
217.3795086
216.6743121
215.9691945
215.3148984
214.6601163
213.9851707
213.3092413
212.6528633
212.0201918
211.4125331
210.7825087
210.1495377
209.540395
208.9354716
208.3019056
207.6855249
207.0797973
206.4583683
205.8446023
205.2329837
204.5995533
203.9770746
203.372591
202.7685447
202.1528976
201.5437786
200.9342553
200.2904772
199.6297988
198.9805148
198.3254199
197.677122
197.0464015
196.3993729
195.7656386
195.1420913
194.5294795
193.8991365
193.2771938
192.6680932
192.0613371
191.4860446
190.8951919
190.3061185
189.7053
189.1136174
188.4804344
187.8305621
187.1549679
186.4708267
185.765952
185.0895321
184.4280972
183.7977055
183.1417964
182.5022106
181.8883017
181.2852225
180.6826327
180.0717178
179.4839038
178.915571
178.3303061
177.7468432
177.1911698
176.6406116
176.1168826
175.6199554
175.1378175
174.6676094
174.1560812
173.6341455
173.1213189
172.5969612
172.0703124
171.5871791
171.1174224
170.6638841
170.2063979
169.7502998
169.3166655
168.8514655
168.3973365
167.9671977
167.5475733
167.1604812
166.8310806
166.5351525
166.2667741
166.0176498
165.7913498
165.6147547
165.480135
165.3262888
165.1770442
165.0307794
164.8827392
164.7689782
164.6753473
164.5919787
164.5453618
164.5028453
164.4588475
164.4120262
164.3393406
164.2893119
164.2394696
164.1220932
163.9900837
163.8649364
163.7276876
163.6075527
163.4740218
163.3309155
163.2005404
163.0764498
163.0313887
163.0407115
163.0554635
163.0872785
163.1307549
163.2022268
163.2703442
163.3292211
163.3981986
163.4763866
163.5391048
163.5989222
163.6321227
163.6751835
163.6859049
163.6747967
163.6582771
163.6125925
163.5793196
163.584998
163.6584376
163.7506534
163.858891
163.9453091
164.039187
164.1468596
164.2459732
164.319466
164.4046875
164.5202811
164.6215246
164.6969321
164.7292882
164.8078338
164.8863358
165.0005621
165.0990896
165.1985638
165.2973846
165.3801372
165.4831765
165.608304
165.7572249
165.905828
166.0771997
166.2081356
166.3237911
166.4193905
166.5101283
166.5786474
166.6109186
166.66377
166.7180601
166.7866819
166.8594367
166.9527969
167.0677649
167.179212
167.2754116
167.3733999
167.4593735
167.5580803
167.6729685
167.8015456
167.9200893
168.0605843
168.1917621
168.3107772
168.4239024
168.5540007
168.7064614
168.8921208
169.0812314
169.2551173
169.4470782
169.6372994
169.7941422
169.9460991
170.0929631
170.2421182
170.3645607
170.4909906
170.6438096
170.8132514
170.9736706
171.1298033
171.2654443
171.3974596
171.578924
171.773401
171.9855093
172.2020193
172.4773091
172.762258
173.0869274
173.4286831
173.7749067
174.1101998
174.4505972
174.7911518
175.1230331
175.4697644
175.8314454
176.251127
176.7121691
177.188489
177.6871644
178.1878192
178.6476931
179.0870924
179.5128902
179.9729772
180.4409182
180.9032298
181.3599566
181.8314052
182.2993136
182.7698847
183.224262
183.6902446
184.1335324
184.5753761
185.0104037
185.4933765
186.0007736
186.5001743
186.9780789
187.4238357
187.8273115
188.2226439
188.6072805
188.9977458
189.3907392
189.7659781
190.1186841
190.4856678
190.8587399
191.2379155
191.6050654
191.9398567
192.259043
192.6000549
192.9497875
193.3247504
193.6974604
194.0416218
194.3711166
194.678676
194.9961883
195.3324668
195.6691887
195.9781201
196.2689325
196.5638749
196.8526925
197.1547774
197.4465164
197.7420396
198.0256347
198.2748142
198.5293806
198.7699532
199.0205028
199.2341688
199.431513
199.6374341
199.842395
200.0520985
200.265299
200.4663135
200.6476018
200.8442695
201.0640395
201.2622325
201.4476948
201.6275792
201.784082
201.9674994
202.1138776
202.253492
202.3657047
202.4861412
202.6083089
202.7395031
202.8705805
203.0140385
203.1705083
203.3051215
203.4490281
203.6182136
203.8038721
203.9905381
204.153096
204.3020733
204.4751852
204.6468293
204.8704899
205.0908903
205.2852803
205.4148755
205.5218898
205.6463982
205.7632308
205.9065865
206.0789828
206.2725144
206.4425964
206.6072835
206.8064057
206.9888554
207.1705369
207.2922447
207.3999999
207.4976376
207.5910668
207.6776315
207.7852213
207.8774394
207.9767931
208.1067631
208.2500385
208.3762205
208.4179872
208.4335944
208.4457428
208.4649714
208.4694298
208.4643316
208.4477807
208.3748997
208.3052505
208.2269524
208.1585194
208.1023414
208.0052815
207.9304253
207.8513971
207.7354849
207.5972564
207.4749355
207.2978551
207.1172144
207.0078229
206.9306513
206.9024967
206.8844431
206.8495099
206.8156349
206.8145369
206.7831496
206.6932234
206.5842408
206.4463959
206.2907341
206.1261633
205.9257559
205.6886429
205.4104645
205.1081527
204.8319747
204.5800207
204.3047915
204.0373579
203.7330509
203.3628418
202.9839151
202.6524584
202.3472224
202.0173031
201.7135681
201.4353588
201.1620082
200.9054893
200.6223043
200.3148564
199.9832526
199.6515483
199.3200455
198.9819319
198.6499418
198.3308107
198.0041605
197.6331136
197.3237448
197.0655298
196.8452851
196.6279107
196.407429
196.1776834
195.97873
195.8166412
195.6118909
195.4110989
195.2056733
195.0308817
194.8598096
194.7393057
194.6442527
194.568244
194.5308273
194.5106186
194.4849455
194.4655316
194.4369235
194.3751362
194.3645498
194.3407637
194.321138
194.2836817
194.2583021
194.2633673
194.2854576
194.3074493
194.3045038
194.3148228
194.331139
194.3719362
194.4578875
194.4941587
194.5439546
194.6073409
194.7178113
194.8020762
194.8734801
194.913317
194.9513169
195.0327623
195.1468464
195.2632655
195.3809402
195.5106022
195.6841808
195.860412
196.036267
196.2303479
196.4166558
196.6266267
196.8668625
197.140262
197.3759138
197.6138623
197.8628297
198.1093128
198.3749729
198.6190426
198.8702528
199.1364025
199.4106795
199.6479669
199.911581
200.2050455
200.528223
200.8979502
201.2640447
201.5995656
201.9487298
202.3199687
202.7184625
203.1581977
203.5819911
204.0020007
204.4224595
204.8149855
205.2269881
205.6764648
206.1179323
206.5503049
207.0071747
207.4446416
207.8822328
208.3358846
208.8448518
209.3683429
209.9233491
210.4770543
211.0128153
211.5408298
212.0649639
212.6162494
213.1721113
213.7012478
214.2372006
214.772712
215.3204355
215.8727328
216.4497013
217.0358801
217.6414146
218.2959713
218.9836761
219.6466739
220.3163852
220.9820163
221.7268838
222.4754143
223.2289268
223.9860911
224.7548286
225.5713376
226.4183962
227.2949969
228.1814559
229.0707111
230.006959
230.9548034
231.9116751
232.8483326
233.7878544
234.7361601
235.6301864
236.5319333
237.4753904
238.4664408
239.4629875
240.4483433
241.4013073
242.3968448
243.4245067
244.4188912
245.4256369
246.4076554
247.3325742
248.2528541
249.2123305
250.2384959
251.2412097
252.1786603
253.157946
254.0930954
255.0018049
255.8555165
256.6954505
257.4563519
258.1261028
258.7741261
259.3733931
259.9563186
