4.099496782
2.898478013
2.365924052
2.049391155
1.832845947
1.673326662
1.549447283
1.449698569
1.366820847
1.29666939
1.236107504
1.136671879
1.057730481
0.9934796802
0.9396191151
0.8731820727
0.8192441921
0.7743612357
0.7246448283
0.6743288186
0.6332603378
0.5923117327
0.5530805238
0.520535517
0.4858887588
0.4545278523
0.4239883625
0.3974309245
0.3724134229
0.3491188971
0.3275215208
0.3063579643
0.2874025097
0.2689334552
0.2516268549
0.2354498583
0.2202652187
0.2064570899
0.193493855
0.1817934054
0.1709223725
0.1611426347
0.1525224897
0.1443101242
0.1364446805
0.1290608866
0.1221172112
0.115663895
0.1101037253
0.1054529743
0.1016305922
0.09881424191
0.09654479765
0.09529025924
0.09551601069
0.09703172854
0.09928444865
0.1022752827
0.1058160576
0.1098370517
0.114357283
0.1195029245
0.1251307018
0.1316387738
0.1390659574
0.1476565609
0.1577547061
0.1692479385
0.1820281301
0.1964171196
0.2127762422
0.2316538904
0.2530060889
0.2766910952
0.3026587957
0.3307834479
0.3609153539
0.3931074426
0.427758521
0.465530106
0.5064399602
0.5516406419
0.6015795256
0.6551577355
0.7112054617
0.7697051824
0.8316152837
0.8810250937
0.8937190066
0.8585442571
0.7500946079
0.5481609796
