21859.93568
15468.77562
12630.36436
10937.11181
9781.112833
8935.57436
8282.130538
7754.404814
7316.676762
6944.280561
6623.569938
6096.654915
5676.302796
5332.016818
5042.561083
4685.569335
4393.34995
4148.893566
3880.872642
3611.166643
3389.749944
3171.210703
2964.412312
2793.201703
2610.602961
2443.350275
2279.989086
2132.690445
1993.211341
1863.860437
1748.093163
1633.09338
1530.404348
1434.795491
1343.128945
1256.202662
1172.642751
1098.071194
1027.366378
965.4686508
906.330894
849.3495936
795.7468863
743.381294
693.8906671
649.1894553
609.2689573
569.7362519
535.3433594
503.0872991
470.7202018
439.0752148
409.4405604
379.0309521
351.5003054
328.0174302
307.4060572
290.4900601
275.653504
262.5380336
248.0691234
233.3557731
216.6389237
199.621153
181.7215319
162.5993034
145.3156244
132.3759502
121.1299778
109.0449158
100.7220748
93.31629698
85.3754983
77.53930388
75.05254953
71.81179419
68.16007988
65.67051006
64.52988138
60.30940202
56.9302776
54.61415144
50.95876483
49.97262881
49.87522929
50.92403647
49.00673007
45.21353808
39.55864358
33.64207824
28.9606134
29.48838071
