21736.23023
15218.15289
12384.01172
10706.82821
9566.783652
8727.333734
8076.033783
7551.695563
7117.79529
6751.006452
6435.64058
5918.241721
5508.431488
5173.44296
4892.969135
4546.47015
4264.492333
4029.214017
3768.64112
3504.462869
3289.039922
3076.428132
2873.839623
2706.63578
2529.171923
2367.824944
2209.716178
2069.728308
1937.149838
1813.874889
1700.549474
1588.165044
1488.157695
1392.876483
1303.947886
1220.005608
1140.500269
1067.980866
998.8414515
934.3254868
874.187477
818.2408947
765.8152643
716.5839179
670.3959743
627.1743215
586.8576132
549.0064103
513.7186297
480.7492617
449.7570488
420.8384134
393.8028578
368.4325309
344.7154158
322.5533564
301.7918991
282.3769438
264.2290755
247.2143902
231.3218652
216.4423674
202.5187401
189.4941578
177.3097448
165.9059073
155.2452939
145.2694067
135.9407712
127.2160506
119.0593774
111.4312823
104.3025492
97.64170001
91.42111457
85.61373514
80.19668133
75.14907885
70.45043436
66.08393533
62.03512577
58.29099628
54.84145052
51.67840568
48.79668094
46.19373779
43.86946545
41.82649084
40.06961962
38.60582681
37.44326961
36.59076259
