21621.01647
15288.41928
12482.98489
10810.61921
9669.345053
8826.894402
8172.144408
7644.367461
7207.203594
6837.377238
6519.205872
5996.83854
5582.791342
5244.155475
4960.508668
4609.949455
4324.560632
4086.367954
3822.499909
3554.91397
3336.66646
3121.230218
2915.919658
2746.448945
2566.561465
2402.997389
2242.705718
2100.778591
1966.359731
1841.372041
1726.472563
1612.52944
1511.138802
1414.544829
1324.397463
1239.312523
1158.734079
1085.245868
1015.194089
949.8392553
888.932843
832.2859604
779.2198069
729.4039815
682.6860899
638.9883035
598.2485667
560.022875
524.4101183
491.1628184
459.9369327
430.8296379
403.6489402
378.1758076
354.3981427
332.2172346
311.4782649
292.1269567
274.0837088
257.2150476
241.5095686
226.8587306
213.205592
200.4935507
188.6640659
177.658057
167.4379504
157.9458502
149.1440119
140.989045
133.4444981
126.4704859
120.0363853
114.1092255
108.6592089
103.6566959
99.07526539
94.88967719
91.07447684
87.60664757
84.46436928
81.62623673
79.07232818
76.78344858
74.74174085
72.93046459
71.33388218
69.93757822
68.72827347
67.69414289
66.82460027
66.11053098
