43717.50591
30921.13638
25255.0461
21876.0395
19574.34739
17866.88032
16548.11563
15482.09041
14598.95757
13848.4315
13202.39529
12635.83014
12135.48114
11689.34331
11289.84763
10927.87717
10598.89885
10296.42146
10019.45334
9764.599961
9528.21856
9308.613699
9103.722079
8912.645806
8733.529783
8563.84261
8403.458073
8251.678986
8108.390499
7973.123274
7844.259147
7721.702822
7604.164141
7491.746362
7384.959019
7282.653691
7184.991732
7090.813819
6999.989898
6911.983714
6827.302469
6745.338481
6665.919748
6589.346578
6516.066286
6445.127025
6376.092612
6309.187544
6244.307695
6181.279221
6120.403282
6061.414084
6004.120804
5948.429222
5894.300608
5841.60988
5790.444504
5740.554797
5691.776383
5643.991668
5597.349428
5552.169904
5507.928781
5465.07695
5423.399454
5382.663474
5342.903561
5303.808468
5265.409489
5227.641943
5190.603701
5154.32181
5118.658144
5083.713477
5049.472828
5015.922151
4983.059268
4950.67152
4919.034294
4888.126972
4857.684292
4827.775297
4798.345464
4769.40719
4740.985017
4713.009169
4685.600372
4658.649071
4631.953881
4605.637366
4579.618669
4554.247731
4529.342379
4504.942343
4480.912473
4457.154109
4433.848414
4410.820221
4388.108509
4365.758373
4343.585805
4321.864
4300.37744
4279.149718
4258.209929
4237.60019
4217.220145
4197.172243
4177.512017
4158.147606
4139.037914
4120.180444
4101.64591
4083.289816
4065.101709
4047.300029
4029.761844
4012.495144
3995.461163
3978.752342
3962.270265
3945.9301
3929.702896
3913.547131
3897.548922
3881.789164
3866.033493
3850.407557
3834.957789
3819.655666
3804.667859
3789.772743
3775.07824
3760.617201
3746.393696
3732.35828
3718.50443
3704.879585
3691.430457
3678.144992
3664.97348
3651.972694
3639.058394
3626.287694
3613.631532
3601.07502
3588.679841
3576.325116
3564.229265
3552.349412
3540.604533
3528.913295
3517.328257
3505.887319
3494.594718
3483.446448
3472.421275
3461.462062
3450.66031
3439.959696
3429.365879
3418.891367
3408.545127
3398.250486
3388.026144
3377.857977
3367.764475
3357.794812
3347.940856
3338.168793
3328.518796
3318.948534
3309.43052
3299.986435
3290.672618
3281.452387
3272.342193
3263.425417
3254.53656
3245.742995
3237.013295
3228.369065
3219.680731
3211.049883
3202.483908
3193.987082
3185.528981
3177.133155
3168.864533
3160.647167
3152.538984
3144.503256
3136.501927
3128.57972
3120.775109
3113.039959
3105.364835
3097.769733
3090.233247
3082.70506
3075.234864
3067.822385
3060.521437
3053.250466
3046.062654
3038.91404
3031.837696
3024.799774
3017.828445
3010.862372
3003.894043
2996.942691
2990.045387
2983.201215
2976.370531
2969.571553
2962.765707
2956.022215
2949.328814
2942.676235
2936.061801
2929.505379
2923.005174
2916.505983
2910.058714
2903.693472
2897.383565
2891.103376
2884.875435
2878.733742
2872.593745
2866.478061
2860.39315
2854.322187
2848.278351
2842.253151
2836.266449
2830.294848
2824.320547
2818.361887
2806.579426
2800.723815
2794.897504
2789.114184
2783.377107
2777.68857
2772.064954
2766.481033
2760.923376
2755.398122
2749.945505
2744.586516
2733.999474
2728.748338
2723.53085
2718.329058
2713.139279
2707.963432
2702.815264
2697.71073
2687.657342
2682.658232
2677.6585
2672.688879
2667.696487
2662.739839
2652.908956
2648.024115
2643.164067
2638.309861
2633.469054
2623.868047
2619.080738
2614.321982
2609.6102
2600.341184
2595.739673
2591.148723
2586.578801
2577.628367
2573.169991
2568.756377
2564.351991
2555.574173
2551.206689
2546.870731
2542.552389
2533.934194
2529.630996
2525.357442
2516.921102
2512.757899
2508.626557
2500.439783
2496.375973
2492.340534
2484.305752
2480.299909
2476.322036
2468.347575
2464.370938
2456.504678
2452.589809
2448.70758
2441.021426
2437.225257
2429.683756
2425.926979
2422.188149
2414.759372
2411.083835
2403.825063
2400.23461
2393.073703
2389.522681
2382.467454
2378.960617
2375.478651
2368.60652
2365.200972
2358.409984
2355.045779
2348.396685
2341.795917
2338.517623
2331.961753
2328.708601
2322.203338
2318.952722
2312.498479
2309.305481
2302.949382
2299.815908
2293.575144
2287.438022
2284.402809
2278.391498
2272.432782
2269.489357
2263.629972
2260.693574
2254.829633
2248.966198
2246.034138
2240.194253
2234.409314
2231.559386
2225.848017
2220.188414
2217.348348
2211.685888
2206.064095
2200.487061
2197.722334
2192.219195
2186.754194
2181.341589
2178.642249
2173.277663
2167.921013
2162.628386
2157.354373
2154.739608
2149.568235
2144.44377
2139.342618
2134.275058
2131.758396
2126.791205
2121.872099
2116.98843
2112.155758
2107.3426
2102.569552
2097.853946
2093.152258
2090.814135
2086.161666
2081.530862
2076.934976
2072.385066
2067.880586
2063.3887
2058.886962
2054.454502
2050.057718
2045.669861
2041.307075
2036.957292
2032.61297
2028.311637
2024.068335
2019.839832
2015.638666
2011.453577
2005.210942
2001.088921
1997.023934
1992.981543
1988.953209
1984.912675
1980.903981
1976.926175
1970.987767
1967.050858
1963.129296
1959.215437
1955.316206
1949.506351
1945.616946
1941.777169
1937.974782
1934.189989
1928.535658
1924.827269
1921.132994
1915.60722
1911.943133
1908.31756
1904.733584
1899.456878
1895.967615
1892.511495
1887.353224
1883.947669
1878.902561
1875.581011
1872.259224
1867.334863
1864.052842
1859.229054
1856.042956
1851.266938
1848.071562
1844.874244
1840.127997
1836.972267
1832.261335
1829.158327
1824.494472
1819.898891
1816.857221
1812.356991
1809.414118
1805.032284
1802.111078
1797.763025
1793.433447
1790.526813
1786.190988
1781.871487
1779.010965
1774.741108
1770.511085
1767.725745
1763.581969
1759.453957
1755.354801
1752.641104
1748.587265
1744.535777
1740.513348
1737.869913
1733.916788
1730.007994
1726.136068
1722.309572
1718.535272
1716.053575
1712.342158
1708.686784
1705.09016
1701.504421
1697.929387
1694.314322
1690.692098
1687.098628
1683.530431
1680.00248
1676.509184
1672.984817
1669.499848
1666.022687
1662.581603
1659.132396
1655.711536
1652.289311
1647.726522
1644.277384
1640.814369
1637.336123
1633.890918
1630.445867
1625.861642
1622.424618
1618.981301
1615.510468
1610.847314
1607.397991
1603.94255
1600.500059
1595.939039
1592.533317
1589.145406
1584.653613
1581.29952
1576.855208
1573.542946
1570.274586
1565.953209
1562.7189
1558.44318
1555.279201
1551.097904
1547.977291
1543.844713
1540.747889
1536.662779
1532.573669
1529.529622
1525.488017
1522.464807
1518.446657
1514.456521
1511.475092
1507.533485
1503.621452
1500.709753
1496.808938
1492.905097
1489.006301
1485.128665
1482.242035
1478.425865
1474.633754
1470.852601
1467.088998
1463.316518
1459.546414
1456.738434
1452.988914
1449.259729
1445.508663
1441.753413
1438.023778
1434.278185
1430.551837
1426.874657
1422.325517
1418.735958
1415.186136
1411.668603
1408.179873
1404.750904
1401.371338
1397.150542
1393.784535
1390.488967
1387.277843
1383.27453
1380.09083
1376.930205
1372.984243
1369.831337
1366.688792
1362.76408
1359.629552
1355.748821
1352.668346
1348.844501
1345.794897
1342.022225
1339.004605
1335.266042
1332.27311
1328.577337
1324.917378
1322.007522
1318.390085
1315.481323
1311.86719
1308.306064
1304.77055
1301.952899
1298.443257
1294.989372
1291.562321
1288.180551
1284.770627
1282.045556
1278.644643
1275.275383
1271.963217
1268.68169
1265.433617
1262.198344
1258.994628
1255.835187
1252.689759
1248.95699
1245.871315
1242.769697
1239.691187
1236.61751
1233.555772
1229.890026
1226.904594
1223.940332
1220.409703
1217.484762
1214.581377
1211.130184
1208.268166
1205.423206
1202.041395
1199.234523
1195.892137
1193.138494
1189.878786
1186.626944
1183.914908
1180.694882
1178.026684
1174.834585
1171.657395
1168.486458
1165.856301
1162.686608
1159.492976
1156.32138
1153.202852
1150.635363
1147.632258
1144.717147
1141.822183
1138.92379
1136.050657
1133.194674
1130.397795
1127.638665
1124.462942
1121.760102
1119.059634
1116.330016
1113.63691
1110.538677
1107.916165
1105.305508
1102.719477
1099.754939
1097.211129
1094.267615
1091.788766
1088.938363
1086.55531
1083.840462
1081.564102
1078.972132
1076.788239
1074.279183
1071.797497
1069.653414
1067.138514
1064.658198
1062.204197
1059.808686
1057.763302
1055.409763
1053.092391
1050.805031
1048.538807
1046.306329
1044.114766
1041.949843
1039.799546
1037.35551
1035.238386
1033.142517
1031.078293
1029.035564
1026.727642
1024.748161
1022.789739
1020.568556
1018.648872
1016.47394
1014.620886
1012.527675
1010.748768
1008.719837
1006.950358
1004.920105
1002.920184
1001.175254
999.201539
997.2391171
995.3108326
993.4290149
991.5650506
989.9658029
988.158226
986.4015876
984.6720773
982.76931
981.1344412
979.5243896
977.9076803
976.2961926
974.6674183
972.8189463
971.1808183
969.5282176
967.6609379
965.9853669
964.1074806
962.446544
960.5893103
958.9757262
957.1552255
955.3552113
953.7729343
952.036771
950.3353796
948.6504424
947.160918
945.4771289
943.7910456
942.1364462
940.517261
938.8958622
937.2561449
935.6384672
933.9008905
932.3378973
930.7572658
929.1700805
927.4268246
925.8995402
924.3776664
922.675338
921.1299693
919.4333727
917.9204777
916.1959775
914.4803926
912.9241867
911.2309172
909.5536531
907.8906404
906.2331904
904.5978352
902.9809522
901.3560072
899.7115182
898.0623149
896.4331248
894.8248262
893.2144403
891.6433986
889.9279595
888.3970864
886.7172519
885.2002875
883.6908999
882.0200342
880.3436651
878.8172593
877.1556729
875.5006282
873.9933248
872.3585058
870.7464851
869.1507738
867.5895737
866.0427143
864.4917135
862.9558237
861.4364653
859.7888388
858.2763299
856.7719427
855.1484782
853.6352063
852.1445617
850.5229316
848.9476731
847.5388792
846.0093855
844.4716855
843.0607237
841.5031496
839.9263365
838.3586705
836.8212648
835.2893544
833.7556319
832.1960851
830.6473757
828.9881516
827.4475281
825.9314181
824.3376293
822.8564726
821.2509618
819.7985107
818.2519047
816.8446139
815.2955092
813.7764822
812.2610507
810.7372078
809.2315893
807.7255744
806.2236483
804.7181203
803.2109928
801.7245988
800.1143229
798.602369
797.1407191
795.6149151
794.0798191
792.6288745
791.0412581
789.4414809
787.9377493
786.320996
784.7136955
783.1108533
781.5124587
779.9088797
778.2920005
776.6960781
775.0120729
773.4454993
771.7714054
770.2121033
768.5293104
766.9561524
765.2710047
763.7145268
762.0511797
760.4092565
758.7674801
757.1212194
755.4969686
753.8923283
752.2964379
750.5829845
748.9850036
747.3981135
745.7422434
744.2167627
742.6040296
740.9762568
739.416066
737.7824049
736.1473249
734.5393567
732.9137122
731.3093379
729.7476214
728.190859
726.5399451
725.0030337
723.4685725
721.8658435
720.3539401
718.7832353
717.2434524
715.7278564
714.3310641
712.8797261
711.4370166
709.8862393
708.3817491
706.8562317
705.3295511
703.728729
702.2380407
700.6669714
699.1854213
697.6248236
696.1050579
694.5566608
692.9938053
691.4276237
689.8784044
688.3792813
686.8823248
685.3731243
683.7714477
682.2856416
680.7450769
679.1779796
677.7091379
676.2010342
674.7371082
673.2651827
671.7870387
670.3124133
668.7596336
667.2672763
665.7606808
664.1776289
662.6773167
661.1203672
659.5569392
657.9995175
656.4402027
654.890808
653.3684843
651.847368
650.330388
648.7268412
647.1811575
645.5435844
644.0153188
642.4152994
640.8423962
639.3162602
637.8231367
636.3323488
634.8790086
633.4425303
631.9374561
630.4951494
628.9820992
627.4722261
626.0447604
624.5453083
623.05846
621.587636
620.1281868
618.6104558
617.1441513
615.6735096
614.1580368
612.7198355
611.2213329
609.7539422
608.3176702
606.9199163
605.514467
604.1286256
602.690154
601.3387743
599.929972
598.5747001
597.1360681
595.7030269
594.2738731
592.8610377
591.4937944
590.1132709
588.791229
587.4301554
586.1485852
584.8262245
583.5074384
582.1982362
580.8655576
579.5333361
578.2007089
576.8541886
575.4257414
574.0401156
572.7305359
571.3772491
570.0354844
568.7015393
567.3552908
565.911288
564.49872
563.105361
561.6821926
560.2936722
558.8705684
557.4408487
556.043269
554.6740072
553.3365756
551.9911313
550.7247788
549.4120953
548.0800921
546.7165182
545.3364028
543.9887125
542.6264834
541.3168626
539.9575276
538.6495309
537.3155141
536.013262
534.730111
533.4519484
532.1397915
530.8926871
529.6071982
528.3738001
527.1345135
525.8917716
524.6571756
523.3985699
522.2298669
521.0582519
519.9384415
518.7791199
517.6149866
516.4594679
515.3314461
514.1485183
513.0137894
511.8509701
510.7534459
509.6345877
508.5555482
507.4937927
506.4279275
505.4030701
504.3547281
503.3144328
502.3066986
501.269452
500.2375481
499.2033633
498.1704977
497.0947496
496.0314712
494.9523199
493.8629574
492.810891
491.8050831
490.8326569
489.8753612
488.9562048
488.0047794
487.0761391
486.1210663
485.1934863
484.2141668
483.2873068
482.3699773
481.4641147
480.5146357
479.5854529
478.6263966
477.7120144
476.7428029
475.7538492
474.7951134
473.8650817
472.938344
471.9780267
471.0341319
470.1173814
469.2008272
468.3382008
467.5075799
466.6957366
465.9471574
465.1543508
464.3317107
463.5270535
462.698958
461.8871805
461.0773111
460.3049863
459.5620869
458.8412119
458.1438765
457.4625752
456.8247005
456.1965247
455.5165326
454.8820879
454.2193881
453.5353977
452.8194523
452.1051697
451.3687071
450.630257
449.8944729
449.1592853
448.4643625
447.7881135
447.0984404
446.3940421
445.6801596
444.9625568
444.2409132
443.5161113
442.8683644
442.2285854
441.6013855
440.9497156
440.3141996
439.6699815
439.0128447
438.3646965
437.7157141
437.0594011
436.4153237
435.7425499
435.065172
434.4231964
433.8065921
433.1995003
432.5503369
431.9089994
431.2528484
430.5914506
429.9251226
429.231884
428.5121908
427.7745497
427.0253275
426.3310208
425.6799662
425.0201643
424.3701526
423.7974354
423.2536882
422.672465
422.1041688
421.5231515
420.9289399
420.3337204
419.7655032
419.2214283
418.698766
418.1666188
417.6258263
417.0945595
416.6066687
416.1210648
415.6449575
415.2022661
414.7621667
414.3133008
413.8750642
413.4590894
413.0471927
412.6596579
412.2618918
411.8314945
411.3968097
410.9539889
410.5285642
410.1249873
409.7109408
409.2734545
408.8448291
408.4334498
408.0469624
407.6483754
407.2456753
406.8113247
406.3733406
406.0011083
405.6099845
405.1718819
404.7036248
404.219991
403.7574651
403.314381
402.8700895
402.4317078
401.9727955
401.5432016
401.1233853
400.7165379
400.3199561
399.915079
399.4946574
399.0514363
398.6191665
398.1767548
397.7471792
397.3105388
396.8883467
396.4696745
396.0325826
395.5998143
395.1590733
394.7029232
394.2460729
393.8129255
393.3917183
392.9510476
392.501126
392.0388947
391.5815557
391.1302323
390.6799471
390.2485586
389.8092251
389.3781902
388.9614
388.5609572
388.1509964
387.7788914
387.4132353
387.0242486
386.6318069
386.2397057
385.9002937
385.5573002
385.1895209
384.7833251
384.3992987
383.9974947
383.5750028
383.1705417
382.742406
382.2522065
381.7571511
381.2621672
380.7585127
380.2725189
379.8025609
379.3499288
378.9254305
378.4958828
378.0592227
377.5856641
377.1304037
376.6427292
376.152262
375.6559036
375.1238551
374.6147235
374.1150937
373.6253205
373.1678529
372.7043972
372.241086
371.7865587
371.3548091
370.9474555
370.5427578
370.1405951
369.7438382
369.3343728
368.9100063
368.4819472
368.0462441
367.5970509
367.1476673
366.7059922
366.2534595
365.7909584
365.3226696
364.8764036
364.4469579
364.0258403
363.6015563
363.1523822
362.7069819
362.2618869
361.8404673
361.4250501
361.0005821
360.5550436
360.0889427
359.6090319
359.1713405
358.7502181
358.338484
357.9214592
357.5151946
357.0922203
356.6801113
356.2933621
355.9220277
355.5177948
355.0614362
354.5728786
354.0791218
353.5707117
353.0396767
352.524775
351.9873101
351.4562409
350.9263649
350.3727245
349.81232
349.2669123
348.7016435
348.1326633
347.5678796
346.9858429
346.3674889
345.7471444
345.123274
344.4719082
343.8148656
343.1729774
342.510181
341.855973
341.2108442
340.5664907
339.9851658
339.4076804
338.8113725
338.2201079
337.5974061
336.975763
336.3487427
335.7479693
335.1246948
334.4823578
333.856443
333.2400658
332.6192196
332.0089713
331.393074
330.7690615
330.1639885
329.5282532
328.8956805
328.2615698
327.6075733
326.9531623
326.2962639
325.6140699
324.9342948
324.2518695
323.5760281
322.8805487
322.1804773
321.4838725
320.8108294
320.1451587
319.4725292
318.8024612
318.1225378
317.4487174
316.7641588
316.0911946
315.413694
314.7303946
314.054619
313.407643
312.7486592
312.0936543
311.4242036
310.769343
310.1309872
309.4949421
308.8397904
308.1900002
307.5352124
306.8550026
306.1967117
305.5484027
304.9009849
304.2605398
303.5991369
302.9074003
302.2336855
301.5901767
300.9606936
300.3250273
299.6663346
298.9999378
298.347715
297.7161022
297.0953416
296.4892352
295.8997452
295.3257486
294.7857451
294.25141
293.7082668
293.1864859
292.6763694
292.1752067
291.669939
291.1682983
290.6217679
290.0661408
289.5171564
288.9867187
288.4537844
287.9312703
287.4196994
286.8889552
286.3697016
285.8566658
285.3506349
284.8147884
284.2707977
283.7312409
283.1871397
282.623508
282.0332315
281.4347449
280.8491074
280.2919953
279.7382643
279.2181732
278.7327655
278.2503501
277.7766698
277.3251658
276.8679045
276.4158442
275.9554005
275.496756
275.0243529
274.5260322
274.0077282
273.4836628
272.9618514
272.4217717
271.8505778
271.2709276
270.6877183
270.1307116
269.5931857
269.082878
268.5732932
268.0576431
267.5485009
267.0217723
266.5227804
266.0307502
265.52454
265.0516139
264.6096286
264.1672965
263.7050499
263.2819588
262.9015294
262.5455007
262.1594551
261.7741213
261.4146038
261.0588347
260.7162359
260.3562385
259.9961763
259.6578302
259.3259425
258.9949809
258.6599009
258.3336654
258.0080341
257.7038011
257.4314709
257.1531132
256.8830997
256.6216931
256.3618239
256.1008155
255.8528819
255.5898759
255.3302866
255.0708733
254.7733082
254.4704434
254.1558223
253.8084263
253.4742369
253.1173866
252.7265807
252.3277153
251.9584779
251.5803874
251.1825537
250.7914018
250.3749014
249.9430076
249.5152663
249.0890195
248.6621663
248.2547653
247.8565591
247.4708681
247.1000087
246.7453871
246.385673
246.0498576
245.7436843
245.4591662
245.1768365
244.9012068
244.6309468
244.3469699
244.059256
243.7446519
243.4374446
243.1404435
242.8679382
242.5911176
242.3038154
241.993081
241.6826048
241.4011024
241.1474601
240.8665953
240.59022
240.3161001
240.0568711
239.8041051
239.5267428
239.2720881
239.0218439
238.747499
238.4795797
238.2597722
238.0401586
237.8138356
237.588855
237.3820274
237.2088696
237.0492367
236.8909664
236.715747
236.5348727
236.3723785
236.2185659
236.0751138
235.9374131
235.8298702
235.744634
235.6463626
235.5281223
235.3940295
235.2586121
235.1529974
235.0462977
234.955588
234.8749765
234.8005174
234.7301789
234.6669218
234.6512539
234.6078359
234.5564811
234.5155865
234.4827896
234.4642522
234.4232526
234.4143709
234.4084642
234.3997498
234.399687
234.4074458
234.4044884
234.4153268
234.42471
234.4512811
234.4894738
234.5473019
234.6002537
234.6425846
234.6613767
234.664558
234.6592473
234.6634153
234.6797825
234.7156235
234.7591701
234.8125019
234.8828856
234.9376299
235.0156247
235.1182806
235.2442269
235.3543265
235.4710843
235.620824
235.7951057
235.9676179
236.1228071
236.2793734
236.4319176
236.5934039
236.7400389
236.8653254
236.969142
237.0704182
237.1566478
237.2422837
237.3325712
237.4150416
237.4708848
237.515197
237.568659
237.6035109
237.6271344
237.6520122
237.6989708
237.7501979
237.7917616
237.8570093
237.9250043
237.9971926
238.0872207
238.1695871
238.2426062
238.3124978
238.3998227
238.5099616
238.6164009
238.7115274
238.8005058
238.8930895
238.9971795
239.1059276
239.2206245
239.3430838
239.4522366
239.5690208
239.6753214
239.774509
239.8942715
240.0213255
240.1698672
240.3376212
240.4900117
240.6282011
240.7618452
240.8887875
241.0168107
241.1630308
241.3024676
241.4400717
241.6114961
241.8034956
241.9870769
242.1749577
242.3660247
242.5625787
242.7536065
242.9420622
243.1422048
243.329108
243.5097019
243.6851408
243.8657557
244.044691
244.2072097
244.3690783
244.512555
244.662199
244.816588
244.977903
245.1443924
245.3300298
245.5247149
245.7183152
245.9314916
246.1516776
246.3576095
246.5498416
246.7236635
246.9064403
247.1036824
247.3136409
247.5244747
247.7484692
247.970345
248.200151
248.4371329
248.6930429
248.942038
249.1703442
249.3945086
249.6209834
249.8263539
250.0263615
250.2204809
250.3986596
250.583746
250.7872376
251.0144907
251.2325134
251.4429148
251.6554259
251.8645039
252.0690539
252.2681424
252.4750062
252.6741555
252.8713894
253.0588988
253.2583805
253.4528351
253.6216036
253.7888227
253.9383862
254.0738503
254.1878015
254.2956661
254.4223391
254.5447714
254.6722848
254.7983598
254.9161987
255.0524587
255.1898418
255.3247831
255.4583344
255.5891066
255.7176809
255.8431046
255.963857
256.0866804
256.2111534
256.3428502
256.4710158
256.6073596
256.7286763
256.8583432
256.9963375
257.120731
257.2422721
257.3620484
257.4856637
257.6171345
257.7551318
257.8842845
258.0243505
258.1628447
258.2892845
258.4266238
258.5780749
258.7171245
258.8575844
259.0060742
259.1475128
259.2966679
259.4350405
259.5695964
259.7187753
259.8924892
260.0645109
260.228187
260.3874618
260.56315
260.7571298
260.9710036
261.2131107
261.4634302
261.7188079
261.9888176
262.2600705
262.539044
262.8304286
263.1384704
263.4571453
263.7969176
264.1176921
264.4500356
264.7843129
265.1035111
265.4314103
265.7488815
266.0734972
266.4064604
266.7248979
267.0498664
267.377451
267.7230729
268.0659115
268.4022472
268.7362071
269.0665466
269.4003906
269.7396437
270.0658047
270.4197059
270.7838801
271.1813688
271.5867057
271.9910828
272.400618
272.8027051
273.2054238
273.6333262
274.0910861
274.5724357
275.0681638
275.5643248
276.0471952
276.5101246
276.9488902
277.3579596
277.7680959
278.1623616
278.5528576
278.9620017
279.3750145
279.7735776
280.1437091
280.4849039
280.8035467
281.1267603
281.4913068
281.8658043
282.2379725
282.5989375
282.9738689
283.3601789
283.7357832
284.1196925
284.5176733
284.9151234
285.3619722
285.8131968
286.2956498
286.7673129
287.2495032
287.7401963
288.2326803
288.7271878
289.1718524
289.5991904
290.0334594
290.4912328
290.9487734
291.3872335
291.796625
292.1876277
292.5790993
292.9654753
293.3639841
293.7594879
294.1439652
294.5044693
294.847983
295.2087719
295.5613073
295.9197389
296.3160628
296.7121383
297.0834671
297.4256405
297.7257746
298.0188075
298.319217
298.6132418
298.8964102
299.1281097
299.3406021
299.5556148
299.7136234
299.90567
300.1494252
300.3870953
300.6361845
300.8571126
301.0943024
301.3655642
301.6207909
301.8654633
302.13249
302.4123168
302.6444935
302.8696602
303.1202696
303.355069
303.6129904
303.912523
304.2417455
304.5742003
304.8852144
305.1922768
305.500358
305.7934264
306.0870833
306.3721546
306.6121207
306.863552
307.1182764
307.3402542
307.5558182
307.7716431
308.0055423
308.2150794
308.3994979
308.5899352
308.8024905
308.9713819
309.1619406
309.3368706
309.5717601
309.8258373
310.080696
310.3440777
310.6839624
311.0926809
311.4905135
311.8853448
312.3632835
312.9263032
313.5056728
314.0452669
314.6230625
315.1639193
315.674502
316.1609514
316.6049655
316.9627273
317.2749259
317.5563148
317.750532
317.8171644
317.789578
317.7752746
317.7854001
317.7430706
317.7089532
317.735796
317.7111482
317.6962543
317.6525473
317.6609892
317.7295602
317.8195393
317.9568012
318.0608654
318.1231194
318.1725619
318.183421
318.1847596
318.1349267
318.0506083
317.9423798
317.8392526
317.6695736
317.469442
317.2192177
316.9702528
316.7717107
316.6183341
316.4946362
316.3623787
316.2278253
316.1491765
316.1484228
316.1784755
316.2242195
316.3192231
316.4107662
316.6372957
316.8709338
317.2443076
317.6718578
318.135838
318.7131985
319.4133818
320.167642
321.0096324
321.871741
322.7745268
323.694477
324.6047072
325.5675958
326.5240708
327.494689
328.4909732
329.609979
330.7172315
331.873796
333.0990755
334.2713472
335.4902643
336.6868712
337.9224194
339.0792437
340.150169
341.2154696
342.3415428
343.5685332
344.8112846
346.152797
347.6574076
349.1558736
350.6312086
352.1034975
353.601742
354.9824819
356.2934291
357.5318029
358.7718407
360.0105808
