0.06028138414
0.04221968119
0.03436129939
0.02970973931
0.02654748882
0.02421884256
0.02241203338
0.02095738431
0.01975360308
0.01873599259
0.01786103753
0.01642554234
0.01528853654
0.01435911965
0.01358095448
0.01261961203
0.01183729044
0.0111845431
0.01046163525
0.009728747878
0.009131140687
0.00854135757
0.00797940903
0.007515639724
0.007023446765
0.006575991742
0.006137561037
0.005749424222
0.005381879762
0.00504017995
0.004726114248
0.004414721583
0.004137690997
0.003873826483
0.003627635822
0.003395339555
0.003175423278
0.002974938923
0.00278392048
0.002605811479
0.002439938892
0.002285793155
0.002141534414
0.002006275828
0.001879618017
0.001761366593
0.001651371755
0.00154845824
0.001452920444
0.001364125647
0.001281198263
0.001204447442
0.001133423091
0.00106762607
0.001007112157
0.0009517263511
0.0009011980552
0.0008555306524
0.0008146854892
0.0007785353542
0.0007472459317
0.0007208000085
0.0006993100598
0.0006828999815
0.0006716983402
0.0006658407818
0.0006654700309
0.0006707164879
0.0006817074045
0.0006985747557
0.0007214558715
0.0007505343582
0.0007860149266
0.0008281819218
0.0008773960003
0.0009341352663
0.0009989840201
0.001072662983
0.001156079662
0.001250304328
0.00135660377
0.001476494497
0.001611738736
0.001764409709
0.00193690097
0.00213197678
0.002352841195
0.002603166752
0.002887195087
0.003209758677
0.003576425509
0.003993546133
