0.005008405886
0.01001681177
0.01502521766
0.02003362355
0.02504202943
0.03005043532
0.0350588412
0.04006724709
0.04507565298
0.05008405886
0.05509246475
0.06510927652
0.0751260883
0.08514290007
0.09515971184
0.1101849295
0.1252101472
0.1402353648
0.1602689884
0.1853110178
0.2103530472
0.2404034825
0.2754623238
0.310521165
0.3555968179
0.4056808768
0.4657817474
0.530891024
0.6060171123
0.6911600123
0.7863197242
0.9015130596
1.026723207
1.171966977
1.337244372
1.527563795
1.747933654
1.993345543
2.278824678
2.604371061
2.974993097
3.395699191
3.876506156
4.427430804
5.058489945
5.779700393
6.601078958
7.542659265
8.614458125
9.836509161
11.23886281
12.83654429
14.65960403
16.74810928
19.13211049
21.85167488
24.96189494
28.51285471
32.56465507
37.20243892
42.49131554
48.53646145
55.44305316
63.33129243
72.34141462
82.63869713
94.39342574
107.8259703
123.1667176
140.6911298
160.7047197
183.573101
209.6919377
239.5270115
273.6042052
312.5345441
357.00418
407.7944241
465.8168063
532.0980498
607.8051132
694.2852576
793.0660469
905.9054315
1034.801765
1182.033873
1350.216143
1542.323568
1761.77188
2012.437586
2298.773159
2625.847105
