0.005001250095
0.01000250019
0.01500375028
0.02000500038
0.02500625047
0.03000750057
0.03500875066
0.04001000076
0.04501125085
0.05001250095
0.05501375104
0.06501625123
0.07501875142
0.08502125161
0.0950237518
0.1100275021
0.1250312524
0.1400350027
0.160040003
0.1850462535
0.210052504
0.2400600045
0.2750687552
0.3100775059
0.3550887567
0.4051012577
0.4651162588
0.53013251
0.6051512615
0.6901725131
0.7851962649
0.900225017
1.025256269
1.170292522
1.335333775
1.525381279
1.745436283
1.990497538
2.275568793
2.600650049
2.970742556
3.390847564
3.870967573
4.421105084
5.051262596
5.771442609
6.591647625
7.531882643
8.602150163
9.822455186
11.22280521
12.81820399
14.63865903
16.72418032
19.10477536
21.82045416
24.92623047
28.47211679
32.51812812
37.1492857
42.4306058
48.46711467
55.36383855
63.24080745
72.23805637
82.52062656
94.25856053
107.6719133
122.9907423
140.4901164
160.4751118
183.3108197
209.392339
239.1847858
273.2132914
312.0880084
356.494108
407.2117852
465.1512676
531.3378113
606.9367077
693.2932931
791.9329487
904.6111134
1033.323286
1180.345035
1348.287013
1540.119963
1759.254737
2009.562303
2295.488772
2622.09541
