0.2687827377
0.1899809455
0.1551423179
0.1344204851
0.1201796327
0.1096816506
0.1015052019
0.0948885844
0.08944079479
0.08483479164
0.0808413345
0.07428340234
0.06917703076
0.06501719108
0.06153598296
0.05724067494
0.05373286622
0.05079472499
0.04750293499
0.04416691836
0.04141851538
0.03871224053
0.03613397841
0.03402323346
0.03176313488
0.02972344365
0.02773081121
0.02598678289
0.02434326462
0.022830829
0.02142953043
0.02004103647
0.01881434422
0.01761809061
0.01649694013
0.0154726823
0.01449704233
0.01358484744
0.01270113236
0.01188650295
0.01112000632
0.01038728557
0.009711358667
0.009089353412
0.008483882836
0.007906118264
0.007364863588
0.00687118015
0.006380022914
0.005919683009
0.005492568361
0.00511567693
0.004792440748
0.004487633088
0.004236801728
0.004021611685
0.003825335768
0.003634843703
0.003485381404
0.003369800938
0.003268254901
0.003227779898
0.003228363677
0.003260820732
0.003291754563
0.003343305839
0.003402982889
0.003485936134
0.003599130887
0.003756130178
0.003936449509
0.004131863065
0.004357636832
0.004611964427
0.004884172354
0.005189116519
0.005512730204
0.005844042364
0.00624258779
0.006765314173
0.007407068168
0.008142151297
0.008952692406
0.00978447935
0.01056785218
0.01133225004
0.01212528248
0.01294511669
0.01362822212
0.01369710333
0.01333299724
0.01288197353
