45181.22846
31269.23611
25343.90305
21866.96176
19514.58012
17787.60553
16450.47844
15375.64533
14487.23979
13736.94
13092.31617
12530.68646
12035.64702
11595.00122
11199.46686
10841.83787
10516.42311
10218.66
9944.842254
9691.923695
9457.374448
9239.073597
9035.227945
8844.309651
8665.007794
8496.190313
8336.873811
8186.19936
8043.412952
7907.849574
7778.920147
7656.100729
7538.923534
7426.969429
7319.861612
7217.260272
7118.858043
7024.376132
6933.560989
6846.181442
6762.026222
6680.901812
6602.630574
6527.049112
6454.006837
6383.364705
6314.994102
6248.775862
6184.599388
6122.361883
6061.967649
6003.327474
5946.358076
5890.981606
5837.125199
5784.720573
5733.703665
5684.0143
5635.595895
5588.395185
5542.361979
5497.448937
5453.611362
5410.807014
5368.995942
5328.140322
5288.204317
5249.153946
5210.956957
5173.582721
5137.002125
5101.18748
5066.112427
5031.751865
4998.081864
4965.079605
4932.723311
4900.992183
4869.866351
4839.326816
4809.355406
4779.934725
4751.048115
4722.679616
4694.813925
4667.436367
4640.532858
4614.089878
4588.09444
4562.534062
4537.396748
4512.670957
4488.345585
4464.409943
4440.853736
4417.667048
4394.840321
4372.364337
4350.230211
4328.429363
4306.953517
4285.79468
4264.94513
4244.397408
4224.144302
4204.178843
4184.494286
4165.084108
4145.941995
4127.061837
4108.437713
4090.063891
4071.934817
4054.045105
4036.389537
4018.963051
4001.760737
3984.777831
3968.009711
3951.451889
3935.100006
3918.949831
3902.997251
3887.238272
3871.669011
3856.285692
3841.084646
3826.062302
3811.215187
3796.539923
3782.033221
3767.69188
3753.512783
3739.492895
3725.62926
3711.918999
3698.359305
3684.947443
3671.680748
3658.556621
3645.572528
3632.725997
3620.014616
3607.436035
3594.987957
3582.668142
3570.474404
3558.404608
3546.456669
3534.628552
3522.918268
3511.323873
3499.843471
3488.475206
3477.217266
3466.067878
3455.02531
3444.087867
3433.253893
3422.521769
3411.889907
3401.356759
3390.920806
3380.580563
3370.334578
3360.181427
3350.119718
3340.148087
3330.265199
3320.469746
3310.760446
3301.136046
3291.595315
3282.137048
3272.760066
3263.463211
3254.24535
3245.10537
3236.042181
3227.054715
3218.141924
3209.30278
3200.536274
3191.841418
3183.217242
3174.662794
3166.17714
3157.759362
3149.408563
3141.123857
3132.90438
3124.749279
3116.65772
3108.628882
3100.661959
3092.75616
3084.910707
3077.124839
3069.397803
3061.728865
3054.117299
3046.562395
3039.063453
3031.619787
3024.23072
3016.89559
3009.613743
3002.384538
2995.207344
2988.081541
2981.006519
2973.981678
2967.006428
2960.080188
2953.202388
2946.372467
2939.58987
2932.854056
2926.164489
2919.520642
2912.921997
2906.368045
2899.858283
2893.392218
2886.969363
2880.58924
2874.251377
2867.955309
2861.70058
2855.48674
2849.313346
2843.17996
2837.086153
2831.031502
2825.015589
2819.038002
2813.098338
2807.196198
2801.331187
2795.502919
2783.955089
2778.23478
2772.54972
2766.899548
2761.283909
2755.702453
2750.154834
2744.640713
2739.159755
2733.711627
2728.296005
2722.912565
2712.240972
2706.952197
2701.694362
2696.467167
2691.270315
2686.103515
2680.966478
2675.85892
2665.731122
2660.710331
2655.717919
2650.753619
2645.817169
2640.908309
2631.17234
2626.344729
2621.543705
2616.769025
2612.020448
2602.600663
2597.92899
2593.28249
2588.660941
2579.491803
2574.943779
2570.419832
2565.91975
2556.990348
2552.560618
2548.153932
2543.770093
2535.070167
2530.753695
2526.459296
2522.186784
2513.706679
2509.498724
2505.311927
2497.001106
2492.876734
2488.772828
2480.625736
2476.582221
2472.558507
2464.569844
2460.604578
2456.658482
2448.823184
2444.933679
2437.210215
2433.375964
2429.55984
2421.981409
2418.218822
2410.746216
2407.035926
2403.3428
2396.007515
2392.365097
2385.130069
2381.537209
2374.400178
2370.855763
2363.814538
2360.317492
2356.836001
2349.919228
2346.483719
2339.657901
2336.267372
2329.530535
2322.851952
2319.534244
2312.941483
2309.666227
2303.157468
2299.923767
2293.497243
2290.304227
2283.958222
2280.805047
2274.537895
2268.322411
2265.233824
2259.094523
2253.005152
2249.978979
2243.963245
2240.97352
2235.029953
2229.133701
2226.203122
2220.376675
2214.596005
2211.72265
2206.009531
2200.34072
2197.522752
2191.919339
2186.35883
2180.840681
2178.097324
2172.641716
2167.227149
2161.853112
2159.181135
2153.866954
2148.592063
2143.35598
2138.158234
2135.573591
2130.432479
2125.328555
2120.261374
2115.230497
2112.728538
2107.751312
2102.809327
2097.902169
2093.029431
2088.190715
2083.385625
2078.613775
2073.874784
2071.517493
2066.82709
2062.168619
2057.541721
2052.946041
2048.381231
2043.846946
2039.342848
2034.868604
2030.423887
2026.008374
2021.621746
2017.263691
2012.9339
2008.632069
2004.3579
2000.111096
1995.891369
1991.698432
1985.458642
1981.331456
1977.230091
1973.15428
1969.103758
1965.078267
1961.077548
1957.101351
1951.182487
1947.266509
1943.374195
1939.505309
1935.659616
1929.934062
1926.145352
1922.379042
1918.634914
1914.912751
1909.370223
1905.702043
1902.055093
1896.62403
1893.029269
1889.455037
1885.90114
1880.608003
1877.104108
1873.619888
1868.430046
1864.994216
1859.876121
1856.487572
1853.117633
1848.09725
1844.7731
1839.820625
1836.541239
1831.655159
1828.419542
1825.201162
1820.405577
1817.229626
1812.496989
1809.362544
1804.69149
1800.05675
1796.986866
1792.411614
1789.380966
1784.863943
1781.871703
1777.411686
1772.985301
1770.052854
1765.681593
1761.342861
1758.468245
1754.18284
1749.92891
1747.110254
1742.907935
1738.736086
1734.594341
1731.849723
1727.757354
1723.694142
1719.659744
1716.985986
1712.998862
1709.039663
1705.108064
1701.203746
1697.326397
1694.756327
1690.923242
1687.116314
1683.335247
1679.57975
1675.849537
1672.144327
1668.463841
1664.807807
1661.175956
1657.568022
1653.983745
1650.422869
1646.885139
1643.370308
1639.878129
1636.408361
1632.960766
1629.535108
1625.001292
1621.625931
1618.27175
1614.93853
1611.626053
1608.334106
1603.976416
1600.731558
1597.506539
1594.301159
1590.057524
1586.897201
1583.755867
1580.633333
1576.498877
1573.419489
1570.35829
1566.304677
1563.285231
1559.286659
1556.308027
1553.346608
1549.424538
1546.502642
1542.632688
1539.749448
1535.930468
1533.085041
1529.315929
1526.507496
1522.787179
1519.094275
1516.342386
1512.696654
1509.979769
1506.380216
1502.806617
1500.143264
1496.614342
1493.110534
1490.498981
1487.038416
1483.602163
1480.18994
1476.80147
1474.27554
1470.92798
1467.603432
1464.301632
1461.022324
1457.765254
1454.530172
1452.118142
1448.920951
1445.745083
1442.590301
1439.456375
1436.343075
1433.250179
1430.177463
1427.124711
1423.336518
1420.327905
1417.338568
1414.368305
1411.416914
1408.484197
1405.569958
1401.95285
1399.079486
1396.223984
1393.386161
1389.863467
1387.064762
1384.283156
1380.829931
1378.08617
1375.358956
1371.972955
1369.282369
1365.941644
1363.286877
1359.990431
1357.370699
1354.117565
1351.532105
1348.321347
1345.769421
1342.60013
1339.453493
1336.952315
1333.845784
1331.376351
1328.309085
1325.263277
1322.238679
1319.834108
1316.847077
1313.880582
1310.93439
1308.008272
1305.102001
1302.791124
1299.92002
1297.068148
1294.235297
1291.421255
1288.625817
1285.84878
1283.089942
1280.349108
1277.626082
1274.38169
1271.697174
1269.029864
1266.379579
1263.746138
1261.129365
1258.010994
1255.430279
1252.865683
1249.809209
1247.279491
1244.765367
1241.768779
1239.288405
1236.823126
1233.8845
1231.451894
1228.552047
1226.151403
1223.289492
1220.447927
1218.095327
1215.290447
1212.96809
1210.199115
1207.449405
1204.718737
1202.457571
1199.761253
1197.083369
1194.423712
1191.782076
1189.594334
1186.985217
1184.393557
1181.819163
1179.261844
1176.721414
1174.197687
1171.690482
1169.199622
1166.31404
1163.85799
1161.417736
1158.99311
1156.583946
1153.79258
1151.416363
1149.0551
1146.708636
1143.989595
1141.674673
1138.992022
1136.707946
1134.060884
1131.806977
1129.194727
1126.970335
1124.392145
1122.196632
1119.651772
1117.124564
1114.972283
1112.477324
1109.999448
1107.538462
1105.094176
1103.012224
1100.598458
1098.200865
1095.819267
1093.453487
1091.103352
1088.768692
1086.449337
1084.145122
1081.530064
1079.257747
1077.000065
1074.756864
1072.52799
1069.998054
1067.799375
1065.614555
1063.134405
1060.978801
1058.531672
1056.404643
1053.989812
1051.890736
1049.507503
1047.435776
1045.083462
1042.747368
1040.716445
1038.410268
1036.119787
1033.844827
1031.585214
1029.340778
1027.389214
1025.172783
1022.971052
1020.78386
1018.340452
1016.183634
1014.040868
1011.912004
1009.796893
1007.695388
1005.347279
1003.274211
1001.214305
998.9124729
996.8800819
994.6088616
992.6033822
990.3621059
988.3829531
986.1709728
983.9742466
982.0342667
979.8658827
977.7122595
975.5732312
973.6839936
971.5720912
969.4743198
967.3905237
965.3205494
963.2642459
961.2214644
959.1920585
956.9526748
954.9510348
952.9623284
950.9864179
948.8058045
946.8564647
944.9195053
942.781691
940.870445
938.7608878
936.8747955
934.7928829
932.7252803
930.8765391
928.8356815
926.8086712
924.7953535
922.7955762
920.8091893
918.8360452
916.8759985
914.9289062
912.9946273
911.0730229
909.1639564
907.267293
905.3829002
903.3240846
901.4650368
899.4337912
897.59953
895.7768804
893.7852332
891.8073312
890.0210348
888.0689425
886.1301483
884.3790223
882.4652034
880.5642555
878.6760362
876.8004053
874.9372247
873.0863585
871.2476728
869.4210358
867.4419298
865.6400682
863.8498602
861.9100512
860.1438113
858.3888477
856.4870636
854.598407
852.8785434
851.0146337
849.1634236
847.4775158
845.650251
843.8352773
842.0324588
840.2416615
838.462754
836.6956063
834.9400907
833.1960815
831.3195791
829.5991455
827.8898421
826.0505197
824.3640261
822.5491427
820.8849612
819.0939856
817.4516334
815.6840506
813.9284336
812.1846494
810.452567
808.7320576
807.0229942
805.3252516
803.6387069
801.9632388
800.2987278
798.5182965
796.8761688
795.2446419
793.4993394
791.7660629
790.1672412
788.4567757
786.757944
785.1907609
783.514001
781.8485005
780.1941353
778.5507832
776.918324
775.2966394
773.6856125
771.9712089
770.3818956
768.6904984
767.1224208
765.4535262
763.9062211
762.2593402
760.7323584
759.1070173
757.4926362
755.8890939
754.2962711
752.7140505
751.1423163
749.5809548
747.926809
746.3865307
744.8562862
743.2349646
741.7251194
740.1253187
738.5364423
737.0566836
735.4886272
733.9311418
732.3841107
730.8474189
729.3209534
727.8046027
726.2982571
724.7086067
723.2225572
721.746187
720.1880339
718.7313031
717.193789
715.6667324
714.150017
712.7318641
711.2348974
709.7479399
708.1843024
706.7176094
705.2605961
703.813158
702.2908988
700.8628521
699.3608994
697.9518212
696.4697341
694.9976963
693.5355963
692.0833246
690.6407732
689.2078359
687.7844079
686.3703862
684.9656692
683.4928963
682.1069932
680.6538616
679.2106497
677.8524465
676.4282362
675.0136248
673.6085064
672.2127773
670.826335
669.3768439
668.0091497
666.6504391
665.229817
663.8892466
662.4875108
661.0953013
659.7125125
658.3390405
656.9747829
655.6196388
654.2735092
652.9362961
651.5417136
650.2224802
648.8465687
647.5449227
646.1872767
644.8388331
643.4994902
642.1691481
640.8477082
639.5350734
638.2311483
636.8743707
635.5879875
634.2493852
632.9199285
631.6593398
630.3474665
629.044443
627.750172
626.4645579
625.1296607
623.8614621
622.6016379
621.2934056
620.0504323
618.7596246
617.477577
616.2041928
614.939377
613.6830358
612.435077
611.1416977
609.9105869
608.6345948
607.4199641
606.1609811
604.9105414
603.668551
602.4349171
601.2095485
599.941815
598.7330437
597.4824084
596.2898711
595.0559614
593.8304453
592.6132302
591.4042249
590.2033395
589.0104858
587.8255765
586.6016061
585.3860408
584.2250672
583.0257183
581.8345016
580.6513277
579.4761088
578.2640161
577.1047461
575.9531719
574.7653631
573.5856731
572.414012
571.2502915
570.0944243
568.9463249
567.8059087
566.6312814
565.5062604
564.3474236
563.1964937
562.0533834
560.9180071
559.7902799
558.630252
557.5178407
556.3735009
555.2760709
554.1470781
553.0257658
551.9120497
550.8058466
549.6693177
548.5781487
547.4570012
546.380538
545.2744375
544.175863
543.084732
541.9649634
540.8887181
539.7841617
538.7224761
537.6328002
536.5505628
535.475682
534.4080774
533.3135818
532.260521
531.1808734
530.142039
529.0769165
528.0190513
526.968364
525.8922777
524.8559305
523.7944697
522.7403117
521.7249959
520.6849875
519.620854
518.5951126
517.5762825
516.5337286
515.4983514
514.4700716
513.4488113
512.4344934
511.4270424
510.3970547
509.3741845
508.3872799
507.3782119
506.3760308
505.3523215
504.3638808
503.3541489
502.3791483
501.3830894
500.39385
499.3841594
498.4085203
497.4126536
496.4503169
495.4679726
494.49237
493.523435
492.5351767
491.5795351
490.6047793
489.6367523
488.6753799
487.7205891
486.772308
485.8057668
484.8459325
483.9170897
482.9702804
482.0059344
481.0721968
480.1211099
479.2001577
478.2620405
477.3303827
476.4051137
475.4632702
474.5507259
473.621782
472.6992605
471.7830906
470.8510883
469.947565
469.0283752
468.1155622
467.2090556
466.3087864
465.4146863
464.5056194
463.6028778
462.7063917
461.8160924
460.9319122
460.0334343
459.1412234
458.2552102
457.3753265
456.5015053
455.6140263
454.7522667
453.8769882
453.0077776
452.1254536
451.2683112
450.3981879
449.5341304
448.6760721
447.8239471
446.9593586
446.1190327
445.2663676
444.4016778
443.560926
442.7259711
441.8791688
441.038281
440.2032427
439.3567746
438.5333625
437.6986325
436.8697346
436.0298658
435.2125568
434.3843831
433.5620186
432.7453995
431.9344627
431.1130968
430.31345
429.5034738
428.6834399
427.8848251
427.0762476
426.2733586
425.4760955
424.6843967
423.8831358
423.0875287
422.2975131
421.5130277
420.7193656
419.9458614
419.1632652
418.3718226
417.6002525
416.8199165
416.0450923
415.2757194
414.4978969
413.7393446
412.9724185
412.2108994
411.4412732
410.6771259
409.9316615
409.1650264
408.4169559
407.6611417
406.910695
406.1655566
405.4256685
404.6783512
403.936348
403.1996003
402.4556959
401.7171074
400.9837761
400.2556442
399.5326547
398.8028293
398.0782031
397.3469667
396.6326512
395.9117792
395.1960457
394.4739733
393.7684288
393.0565959
392.3386613
391.637004
390.9292924
390.2266477
389.5181532
388.8255531
388.1271478
387.4337426
386.7347293
386.0407581
385.3517732
384.6677199
383.9782907
383.2938324
382.61429
381.9295765
381.2498158
380.5749532
379.9049349
379.2299605
378.5598649
377.8849879
377.2245581
376.559379
375.8990034
375.2340467
374.5739233
373.91858
373.258834
372.6038956
371.9537118
371.3082303
370.6585316
370.0135609
369.3645273
368.7289203
368.0806621
367.4457263
366.8069
366.1727428
365.5432034
364.9099286
364.2812916
363.6572413
363.0296057
362.4065752
361.7800964
361.1582389
360.5409516
359.9281841
359.312117
358.7005848
358.0858818
357.4833261
356.8700699
356.2688611
355.6646194
355.0648379
354.4621448
353.8639225
353.2701214
352.6735317
352.0813723
351.4935944
350.9031466
350.317088
349.7284711
349.1442496
348.5643749
347.9820531
347.4040833
346.8304174
346.2544118
345.682714
345.1087789
344.5391543
343.9737924
343.4062937
342.8430595
342.2840425
341.7229857
341.1661469
340.6073621
340.0527947
339.4963728
338.9441665
338.3961291
337.8463249
337.3006871
336.7591695
336.2159698
335.6711742
335.1362061
334.5996376
334.0615524
333.5275742
332.9921588
332.4663006
331.933584
331.4103343
330.8803853
330.3598131
329.8379486
329.314869
328.8009913
328.2807589
327.7645483
327.2523149
326.7440146
326.2296549
325.7242314
325.2177895
324.7104001
324.2117771
323.7074102
323.2069752
322.7104285
322.213053
321.7195528
321.2252836
320.7348761
320.2482874
319.7564866
319.2730201
318.7888921
318.3041647
317.8232544
317.3461187
316.8684292
316.3902459
315.9158469
315.44519
314.9740813
314.5025783
314.0389115
313.5707784
313.1063765
312.6456642
312.1846423
311.7233648
311.2657806
310.8118485
310.3576947
309.9033712
309.4527011
309.0019024
308.5547364
308.111163
307.6674902
307.223767
306.7836347
306.3434893
305.9033781
305.4703598
305.0338762
304.6009568
304.1715619
303.7422591
303.3130929
302.8874447
302.4619649
302.0399796
301.6181935
301.1998781
300.7817918
300.3639759
299.9496205
299.5355635
299.124942
298.7146459
298.3047139
297.8982051
297.4950813
297.0923341
296.6900006
296.2881175
295.8896173
295.4944623
295.0969191
294.7027428
294.3118959
293.9215647
293.5317832
293.1453139
292.7594138
292.3741153
291.9921106
291.6107255
291.232606
290.8551233
290.4783083
290.1047387
289.7318526
289.3596795
288.9907304
288.6225089
288.2550432
287.8907792
287.5272842
287.1669614
286.8050652
286.4463531
286.0907893
285.7337517
285.3798731
285.0291179
284.6769852
284.3279855
283.9820835
283.6348968
283.2908162
282.9476718
282.6076024
282.2684764
281.9303164
281.5931444
281.2590224
280.9258942
280.5937809
280.2646885
279.9346486
279.607634
279.2836104
278.9587171
278.6368183
278.3160017
277.9962861
277.6795336
277.3638841
277.0493556
276.7359657
276.4255075
276.1144294
275.8062833
275.5010359
275.1952348
274.892332
274.5906173
274.290106
273.9908135
273.6927544
273.3975575
273.1035917
272.8108713
272.51941
272.2307741
271.943394
271.6557605
271.3709464
271.0889198
270.8066927
270.5257849
270.2476571
269.9708431
269.6953544
269.4212025
269.1483982
268.8783303
268.6082394
268.3408779
268.0748783
267.8102503
267.5470038
267.2851483
267.0246929
266.7669162
266.5092747
266.2543031
266.0007403
265.7485948
265.4978745
265.2485873
265.0007409
264.7543426
264.5093997
264.2670614
264.0250377
263.7844896
263.5465296
263.3100338
263.0739263
262.8403892
262.6083343
262.3767201
262.1476576
261.9200933
261.6940324
261.4694797
261.2464398
261.0249172
260.8049162
260.586441
260.3694955
260.1531483
259.9392841
259.7269605
259.5161808
259.306948
259.0992651
258.893135
258.6876987
258.4846923
258.2832462
258.0833626
257.8842222
257.6874797
257.4915039
257.2979094
257.1051042
256.9138912
256.7242713
256.5362454
256.3498145
256.1649792
255.98174
255.8000974
255.6193447
255.4409053
255.2633741
255.088138
254.9138277
254.7411317
254.569396
254.3999358
254.2320881
254.0652241
253.8999877
253.7363778
253.5743929
253.4140318
253.2547068
253.0975967
252.9415358
252.7871081
252.6343117
252.4825987
252.3325284
252.1846285
252.0373063
251.8921494
251.7481181
251.6062312
251.4654795
251.3258825
251.1884133
251.0521073
250.9174455
250.7839693
250.6525927
250.5224089
250.3938694
250.2665435
250.1408681
250.016839
249.8944521
249.7733041
249.6538035
249.5359457
249.4193473
249.304396
249.1907213
249.0790565
248.9683188
248.8595812
248.7521392
248.6463405
248.5418523
248.4390095
248.3378065
248.2379288
248.1396922
248.0427941
247.9475376
247.8536319
247.7616473
247.67074
247.5814741
247.4938435
247.4075857
247.3229621
247.2399663
247.1581132
247.0781311
246.9995402
246.9223503
246.8467884
246.7726355
246.7001077
246.6291981
246.5595068
246.4916318
246.4251783
246.3601544
246.2965681
246.2345983
246.1742375
246.1153173
246.0578448
246.0019786
245.9475645
245.8947511
245.8433934
245.793498
245.7451988
245.6983648
245.6530017
245.6092294
245.5669303
245.5261096
245.4868734
245.449117
245.4129374
245.3781508
245.3449416
245.3133014
245.2830717
245.2544109
245.2272438
245.2016368
245.1774641
245.1548505
245.1337366
245.1141724
245.0960636
245.0795025
245.0644453
245.0508947
245.0388803
245.0283463
245.0193455
245.011853
245.0058706
245.0014001
244.9984485
244.9970033
244.9970727
244.9986529
245.0017451
245.0063504
245.0124697
245.0201038
245.0292534
245.0399191
245.0520721
245.0657677
245.0809446
245.0976709
245.1158723
245.1356293
245.1568545
245.1796412
245.203889
245.2297033
245.2569715
245.2858107
245.3160961
245.3479567
245.3813278
245.4161329
245.4525184
245.4904104
245.5298075
245.5707081
245.6131105
245.6571047
245.702508
245.7495047
245.7980008
245.8479943
245.8994828
245.952464
246.0070457
246.0631203
246.1206851
246.1797375
246.2402747
246.3024164
246.366042
246.4311484
246.4977325
246.5659233
246.6355901
246.7067296
246.7794772
246.8536951
246.9293798
247.0066731
247.0854303
247.1656474
247.2474728
247.3307546
247.415489
247.5018301
247.5897801
247.6790162
247.7698567
247.8623033
247.9561893
248.0516806
248.1486061
248.2469614
248.3469177
248.4484761
248.5514577
248.6558575
248.7620376
248.8694483
248.9786401
249.0890525
249.2012464
249.3148428
249.4298364
249.5466131
249.6647832
249.7843415
249.9054829
250.0282068
250.1525127
250.2781944
250.4054532
250.534288
250.6644881
250.7964701
250.9295992
251.0645076
251.2009827
251.3388058
251.4781895
251.6191321
251.7616318
251.9054639
252.0510706
252.1980029
252.3464815
252.4965041
252.6480685
252.8011722
252.9558127
253.1119875
253.2694597
253.4286938
253.5894541
253.7514999
253.9153027
254.0806228
254.2472158
254.4155602
254.5854125
254.7567694
254.9296276
255.1039836
255.279834
255.4574242
255.6362538
255.816818
255.9988641
256.1823882
256.3673867
256.5538555
256.7420466
256.931702
257.1228175
257.3153892
257.5096723
257.7054048
257.9025825
258.1014631
258.3017819
258.5037983
258.7069808
258.9118535
259.1184142
259.3263936
259.5357869
259.7468582
259.9593355
260.1734841
260.3890305
260.6062414
260.8248418
261.0450997
261.2667384
261.4900272
261.714963
261.9412671
262.1692105
262.3985131
262.6294472
262.8620093
263.0959172
263.3314449
263.5685888
263.8073453
264.0474295
264.2891177
264.5324059
264.7772902
265.0234835
265.2712639
265.5206274
265.7715698
266.024087
266.2781748
266.5338288
266.790758
267.049531
267.3095695
267.5714437
267.8345735
268.0995309
268.3657338
268.6337558
268.9033033
269.1743715
269.4469556
269.7210509
269.9966523
270.2737551
270.5526464
270.8327373
271.1146074
271.3979594
271.6830819
271.9696767
272.2577386
272.5472626
272.8385379
273.1312653
273.4254395
273.7213505
274.0186981
274.3177728
274.6182738
274.9201956
275.2238294
275.5291704
275.8359166
276.1440625
276.4538999
276.7654239
277.0783316
277.3929153
277.7091699
278.0267919
278.346074
278.6670111
278.989299
279.3135298
279.6388015
279.9660053
280.2948368
280.6249913
280.9567624
281.2901445
281.6251321
281.9617196
282.2999013
282.6396716
282.9810248
283.3239552
283.668457
284.0145244
284.3621518
284.7113332
285.0620628
285.4143347
285.7684435
286.1237825
286.4809465
286.8396293
287.2001252
287.5618274
287.9253308
288.2906293
288.6571162
289.025386
289.3954326
289.7669497
290.1399309
290.5146706
290.8908623
291.2687998
291.648177
292.0292875
292.4118251
292.7960835
293.1820564
293.5694375
293.9585203
294.3492983
294.7417651
295.1356148
295.5311403
295.9283353
296.3268939
296.727408
297.1292729
297.5330799
297.9382246
298.3449994
298.753696
299.1637108
299.5753357
299.9888622
300.4036871
300.8203998
301.2386956
301.6585677
302.0800094
302.503014
302.9278717
303.3542784
303.7822275
304.2120086
304.6433181
305.0761494
305.5107915
305.9472372
306.3848878
306.8246236
307.265846
307.7085484
308.1530187
308.5992495
309.0469392
309.496375
309.9475497
310.4004557
310.8547921
311.3108456
311.7686086
312.2280737
312.6892336
313.1517882
313.6163154
314.0822231
314.5500879
315.0196102
315.4904913
315.9633066
316.4377571
316.9141259
317.3918243
317.8714256
318.3526319
318.8354357
319.3198297
319.8060954
320.2942246
320.7836322
321.2751762
321.7679838
322.2629113
322.759375
323.2573677
323.7571686
324.2587696
324.7618763
325.2667673
325.7734344
326.2818695
326.7920644
327.3037261
327.8174163
328.3325577
328.8494269
329.3680157
329.8885992
330.4106027
330.934584
331.4599697
331.9873165
332.5163338
333.0472949
333.5799096
334.1141701
334.6500682
335.1878761
335.7273051
336.2686265
336.8115524
337.3563536
337.9027428
338.4509901
339.0010866
339.5527461
340.1062377
340.6615528
341.2186823
341.7773414
342.3380739
342.900319
343.4646193
344.0304153
344.5982484
345.1675605
345.7388914
346.3119581
346.8867518
347.4635367
348.0417584
348.6219532
349.2041116
349.7879526
350.3734678
350.9609191
351.5500268
352.1410522
352.7339859
353.3285491
353.9250023
354.523336
355.1232727
355.7253394
356.328991
356.9344862
357.5420821
358.151236
358.7622055
