0.30947086
0.2028856923
0.1610844912
0.1374824363
0.1218715443
0.1105813232
0.1019324471
0.09503543693
0.0893699712
0.08460892284
0.08053503661
0.0769976653
0.07388864256
0.07112803702
0.0686553381
0.06642378549
0.06439659824
0.06254439481
0.06084338383
0.05927406752
0.05782029456
0.05646855632
0.05520745591
0.05402730194
0.05291979394
0.05187777581
0.05089504075
0.04996617525
0.04908643336
0.04825163446
0.04745807955
0.0467024822
0.04598191121
0.04529374274
0.04463562006
0.04400541962
0.04340122216
0.04282128815
0.04226403673
0.04172802752
0.04121194503
0.04071458504
0.04023484281
0.03977170272
0.03932422929
0.03889155917
0.03847289418
0.03806749514
0.03767467632
0.03729380062
0.0369242752
0.03656554761
0.03621710234
0.03587845767
0.03554916289
0.03522879579
0.03491696037
0.03461328478
0.03431741949
0.03402903556
0.03374782313
0.03347349
0.03320576039
0.03294437372
0.03268908361
0.03243965685
0.03219587255
0.03195752129
0.03172440436
0.03149633308
0.03127312816
0.03105461911
0.03084064367
0.03063104733
0.03042568286
0.03022440985
0.03002709434
0.02983360842
0.0296438299
0.02945764198
0.02927493294
0.02909559587
0.02891952841
0.02874663248
0.02857681409
0.02840998309
0.02824605298
0.02808494075
0.02792656664
0.02777085406
0.02761772934
0.02746712166
0.02731896288
0.02717318742
0.02702973211
0.02688853613
0.02674954084
0.02661268973
0.02647792828
0.02634520391
0.02621446587
0.02608566516
0.02595875444
0.025833688
0.02571042164
0.02558891266
0.02546911972
0.02535100286
0.02523452341
0.02511964392
0.02500632814
0.02489454096
0.02478424837
0.02467541738
0.02456801605
0.02446201338
0.02435737932
0.0242540847
0.02415210123
0.02405140144
0.02395195865
0.02385374697
0.02375674124
0.02366091701
0.02356625052
0.02347271868
0.02338029904
0.02328896975
0.02319870958
0.02310949786
0.02302131447
0.02293413984
0.02284795491
0.02276274113
0.02267848041
0.02259515515
0.0225127482
0.02243124283
0.02235062275
0.02227087207
0.02219197531
0.02211391736
0.02203668348
0.0219602593
0.02188463079
0.02180978426
0.02173570635
0.02166238403
0.02158980454
0.02151795545
0.02144682462
0.02137640018
0.02130667053
0.02123762435
0.02116925055
0.02110153833
0.02103447708
0.02096805648
0.0209022664
0.02083709695
0.02077253845
0.02070858142
0.02064521661
0.02058243495
0.02052022757
0.02045858578
0.02039750107
0.02033696513
0.0202769698
0.02021750709
0.0201585692
0.02010014845
0.02004223735
0.01998482855
0.01992791483
0.01987148914
0.01981554456
0.0197600743
0.01970507171
0.01965053028
0.0195964436
0.0195428054
0.01948960954
0.01943684998
0.0193845208
0.0193326162
0.01928113048
0.01923005804
0.0191793934
0.01912913117
0.01907926606
0.01902979289
0.01898070656
0.01893200206
0.01888367449
0.01883571901
0.01878813088
0.01874090546
0.01869403817
0.01864752451
0.01860136007
0.01855554051
0.01851006158
0.01846491907
0.01842010888
0.01837562696
0.01833146932
0.01828763206
0.01824411132
0.01820090334
0.01815800439
0.01811541081
0.01807311901
0.01803112544
0.01798942664
0.01794801917
0.01790689967
0.01786606482
0.01782551137
0.0177852361
0.01774523586
0.01770550754
0.01766604808
0.01762685447
0.01758792375
0.01754925299
0.01751083934
0.01747267995
0.01743477204
0.01739711288
0.01735969975
0.01732253001
0.01728560102
0.01724891022
0.01721245505
0.01717623301
0.01714024164
0.01710447851
0.01706894122
0.0170336274
0.01696366095
0.01692900375
0.01689456094
0.01686033031
0.01682630969
0.01679249697
0.01675889003
0.01672548681
0.01669228525
0.01665928335
0.01662647911
0.01659387059
0.01652923296
0.01649720007
0.01646535532
0.01643369688
0.01640222295
0.01637093174
0.0163398215
0.0163088905
0.0162475594
0.01621715595
0.01618692504
0.01615686504
0.01612697436
0.01609725142
0.01603830256
0.01600907357
0.01598000622
0.01595109901
0.01592235049
0.01586532377
0.01583704275
0.01580891475
0.01578093842
0.01572543534
0.01569790593
0.01567052288
0.01564328489
0.01558923901
0.01556242863
0.01553575832
0.01550922686
0.01545657574
0.01543045373
0.01540446588
0.01537861104
0.01532729592
0.01530183342
0.01527649952
0.01522621318
0.01520125864
0.01517642847
0.01512713712
0.01510267394
0.01507833109
0.01503000247
0.01500601479
0.01498214358
0.01493474688
0.01491121955
0.01486450239
0.01484131078
0.01481822932
0.01477239338
0.0147496372
0.01470444422
0.01468200579
0.01465967163
0.01461531296
0.01459328687
0.0145495373
0.01452781229
0.01448465807
0.01446322737
0.01442065516
0.01439951222
0.01437846377
0.01433664758
0.01431587846
0.01427461478
0.01425411889
0.01421339572
0.01417302639
0.01415297283
0.0141131248
0.01409332909
0.01405399128
0.01403444797
0.01399560963
0.01397631344
0.01393796414
0.01391890991
0.01388103953
0.01384348294
0.01382482097
0.01378772705
0.01375093635
0.01373265343
0.01369630993
0.01367824835
0.0136423431
0.01360672517
0.01358902276
0.01355382873
0.01351891266
0.01350155774
0.01346705186
0.01343281503
0.01341579642
0.01338195668
0.01334837745
0.01331505542
0.01329848984
0.01326554753
0.01323285441
0.01320040737
0.01318427517
0.01315219153
0.01312034643
0.01308873694
0.01305736018
0.0130417582
0.01301072527
0.0129799181
0.01294933399
0.01291897027
0.01290387023
0.0128738322
0.01284400809
0.01281439539
0.01278499163
0.01275579439
0.01272680126
0.0126980099
0.01266941799
0.01265519611
0.01262689911
0.01259879594
0.0125708844
0.01254316233
0.01251562763
0.0124882782
0.01246111198
0.01243412696
0.01240732113
0.01238069254
0.01235423926
0.01232795938
0.01230185103
0.01227591237
0.01225014157
0.01222453684
0.01219909643
0.01217381859
0.01213620292
0.01211132407
0.01208660192
0.01206203482
0.01203762119
0.01201335943
0.011989248
0.01196528536
0.01192961706
0.01190601981
0.01188256614
0.01185925462
0.01183608382
0.01180158842
0.01177876335
0.0117560742
0.01173351961
0.01171109829
0.01167771334
0.01165561954
0.01163365453
0.01160094581
0.01157929742
0.01155777356
0.01153637307
0.01150450109
0.01148340393
0.01146242612
0.01143118076
0.0114104965
0.01137968636
0.0113592889
0.01133900434
0.01130878691
0.01128878009
0.01125897457
0.01123923927
0.01120983648
0.01119036666
0.01117100139
0.01114214749
0.01112303957
0.01109456745
0.01107571127
0.01104761267
0.01101973431
0.01100126968
0.01097375211
0.01095552544
0.010928361
0.01091036727
0.01088354855
0.01085693379
0.01083930267
0.0108130222
0.01078693899
0.01076965857
0.01074389875
0.01071832979
0.01070138871
0.01067613272
0.01065106149
0.0106261728
0.01060968067
0.01058509138
0.01056067889
0.01053644111
0.01052037864
0.0104964275
0.01047264567
0.01044903118
0.01042558211
0.01040229655
0.01038686275
0.01036384556
0.01034098695
0.01031828513
0.01029573834
0.01027334483
0.0102511029
0.01022901087
0.01020706707
0.01018526987
0.01016361767
0.01014210888
0.01012074195
0.01009951534
0.01007842753
0.01005747704
0.01003666241
0.01001598218
0.009995434931
0.009968243043
0.00994800067
0.009927886684
0.00990789975
0.009888038551
0.009868301789
0.009842177472
0.009822726126
0.009803395029
0.009784182959
0.009758749949
0.00973981097
0.00972098708
0.009702277133
0.009677505829
0.009659057379
0.009640719164
0.009616437823
0.009598352651
0.009574404877
0.009556567055
0.009538833543
0.009515349393
0.009497855406
0.009474687082
0.009457427347
0.009434567926
0.009417537332
0.009394980103
0.009378173692
0.009355912145
0.009333816712
0.009317352929
0.009295543339
0.009279291662
0.009257761891
0.009236389381
0.009220462069
0.009199360264
0.009178410631
0.009162797189
0.00914210956
0.00912156924
0.009101174518
0.009080923707
0.009065829041
0.009045826098
0.009025962568
0.009006236864
0.008986647424
0.008967192712
0.008947871214
0.008933466615
0.008914374673
0.008895411905
0.008876576885
0.008857868208
0.008839284492
0.008820824373
0.008802486512
0.008784269586
0.008761666515
0.008743716967
0.008725884198
0.008708166967
0.008690564054
0.008673074256
0.008655696389
0.008634129678
0.008616999409
0.008599977335
0.008583062344
0.008562067519
0.008545389473
0.008528814998
0.008508240956
0.008491895707
0.008475650678
0.0084554838
0.008439460625
0.008419567975
0.008403761744
0.008384137277
0.008368543232
0.008349181091
0.008333794616
0.008314689121
0.008299505741
0.008280651381
0.008261934221
0.008247058185
0.008228583913
0.008213900132
0.008195663646
0.008177557114
0.008159579032
0.008145288054
0.008127537467
0.008109911246
0.008092407975
0.008075026263
0.008057764739
0.008044041149
0.008026992579
0.008010060475
0.007993243545
0.007976540519
0.007959950145
0.007943471191
0.007927102443
0.007910842708
0.007894690808
0.007875449239
0.00785953052
0.007843715988
0.007828004537
0.00781239508
0.007796886544
0.00777840803
0.007763117822
0.007747925207
0.007729821474
0.007714840036
0.007699953016
0.007682211867
0.007667529195
0.007652937908
0.007635547696
0.007621154233
0.007603998802
0.007589798849
0.007572873099
0.007556070534
0.007542161451
0.007525580984
0.007511855001
0.00749549191
0.007479245449
0.007463114276
0.007449758747
0.007433835524
0.007418023904
0.007402322627
0.007386730451
0.00737381943
0.007358424114
0.007343134486
0.007327949379
0.00731286764
0.007297888138
0.007283009756
0.007268231396
0.007253551974
0.00723654961
0.007222080923
0.007207707854
0.007193429387
0.007179244521
0.007162812498
0.00714882707
0.007134932169
0.007121126854
0.007105132642
0.007091518263
0.00707574433
0.007062316667
0.007046758163
0.007033513124
0.00701816535
0.007005098968
0.006989957366
0.006977065793
0.006962125941
0.00694729294
0.006934663054
0.006920025257
0.006905490864
0.006891058708
0.006876727637
0.006864523459
0.006850377128
0.006836328693
0.006822377072
0.006808521198
0.006794760022
0.00678109251
0.006767517643
0.006754034419
0.00673873597
0.006725445818
0.006712244255
0.006699130338
0.006686103141
0.00667131993
0.006658475497
0.006645714956
0.006631233085
0.006618649386
0.006604367384
0.006591956643
0.006577870139
0.00656562859
0.006551733344
0.006539657334
0.006525949235
0.00651233931
0.00650051028
0.006487081435
0.0064737476
0.006460507711
0.006447360715
0.006434305581
0.006422956894
0.006410071269
0.006397274623
0.006384565982
0.006370372761
0.006357847966
0.00634540823
0.006333052637
0.00632078029
0.0063085903
0.006294973917
0.006282956052
0.006271017859
0.006257681584
0.006245909936
0.006232758957
0.006221150205
0.006208180477
0.006196731081
0.006183938684
0.00617123862
0.00616002634
0.006147497836
0.006135058679
0.006122707869
0.006111802741
0.006099616128
0.006087515055
0.006075498577
0.006063565766
0.00605171571
0.006039947506
0.00602826027
0.006015368351
0.006003849193
0.005992408328
0.005981044924
0.005968508769
0.005957306211
0.005946178599
0.005933901533
0.005922929581
0.005910823574
0.005900003895
0.005888065242
0.005876213219
0.005865619657
0.005853929544
0.005842323262
0.005830799875
0.005819358462
0.005807998115
0.005796717942
0.005785517063
0.005774394611
0.005763349736
0.005752381595
0.005741489363
0.005730672225
0.005719929378
0.005708197109
0.005697607714
0.00568604237
0.005675603048
0.005665234032
0.005653908444
0.005642666081
0.005632517176
0.005621431089
0.005610425521
0.005600489573
0.005589635233
0.005578858828
0.005568159498
0.005557536395
0.005546988683
0.00553651554
0.005526116155
0.005515789732
0.005504606833
0.005494430441
0.005484324621
0.005473379694
0.005463419021
0.005453526638
0.005442811988
0.005432176841
0.005422497026
0.005412011751
0.005401603388
0.005392129221
0.005381865882
0.005371676985
0.005361561707
0.005351519239
0.005341548783
0.005331649556
0.005321820783
0.005312061705
0.005301567149
0.005291950872
0.005282402013
0.005272132666
0.005262721976
0.005252600667
0.005243325133
0.00523334865
0.005224205352
0.005214370577
0.005204608292
0.005194917689
0.005185297978
0.005175748378
0.005166268121
0.00515685645
0.005147512621
0.005138235901
0.005129025566
0.005119180169
0.00511010545
0.00510109496
0.005091462406
0.00508190272
0.005073090395
0.005063668926
0.005054317951
0.005045697337
0.005036480107
0.005027331105
0.00501824958
0.005009234794
0.005000286018
0.004991402537
0.004982583644
0.004973205713
0.004964518411
0.004955279909
0.004946721305
0.004937619182
0.004929186473
0.004920217771
0.004911908239
0.004903070089
0.004894298368
0.004885592343
0.004876951293
0.004868374506
0.004859861284
0.004851410936
0.004842465768
0.004834143221
0.004825881499
0.004817135307
0.004808997245
0.004800381515
0.004791832012
0.004783876341
0.004775453058
0.00476709386
0.004758798043
0.00475056491
0.004742393777
0.004734283969
0.004726234822
0.004717748338
0.004709822249
0.004701954847
0.004693659338
0.004685911017
0.004677740651
0.004669633696
0.004661589446
0.004654075046
0.004646150547
0.004638286743
0.004630025781
0.004622284861
0.00461460264
0.004606978484
0.004598968446
0.004591461885
0.004583574993
0.004576183465
0.004568417047
0.004560711573
0.00455306637
0.004545480771
0.004537954124
0.004530485784
0.004523075117
0.004515721498
0.004508424312
0.004500782279
0.0044935992
0.004486076293
0.00447861355
0.004471598474
0.004464250979
0.004456961703
0.004449730006
0.004442555256
0.004435436834
0.004428003937
0.004420999228
0.004414049008
0.004406791212
0.004399951019
0.004392807775
0.004385722311
0.004378693987
0.004371722173
0.004364806248
0.004357945599
0.004351139626
0.004344387734
0.004337355814
0.004330712973
0.004323794297
0.004317258126
0.004310450233
0.004303698152
0.004297001268
0.004290358972
0.004283770668
0.004277235765
0.004270753684
0.004264018965
0.004257643269
0.004251018775
0.004244449744
0.004238230476
0.004231768075
0.004225359339
0.004219003678
0.004212700512
0.004206166344
0.004199968779
0.004193821992
0.004187449505
0.004181404889
0.004175138048
0.004168924319
0.004162763112
0.004156653851
0.004150595965
0.004144588893
0.004138374222
0.004132469279
0.004126360001
0.004120554948
0.004114548763
0.004108594357
0.004102691156
0.004096838598
0.004091036127
0.004085044556
0.004079342656
0.004073454686
0.004067851145
0.004062064509
0.004056328721
0.004050643218
0.004045007445
0.004039420855
0.004033882908
0.004028393076
0.004022734128
0.004017126077
0.004011781186
0.004006271322
0.004000810692
0.003995398751
0.003990034963
0.003984515277
0.003979248022
0.00397402734
0.003968654616
0.003963331017
0.003958055995
0.003952829011
0.003947649533
0.003942517038
0.003937431012
0.003932205153
0.003927212222
0.003922081839
0.003916999257
0.003911963943
0.003906975374
0.003902033032
0.00389696237
0.003892112571
0.003887136691
0.003882377392
0.003877494208
0.003872657406
0.003867866471
0.003863120894
0.003858258875
0.003853604044
0.003848834854
0.003844268761
0.003839590355
0.003834957345
0.003830369227
0.003825674804
0.003821176439
0.003816573723
0.003812163116
0.003807650077
0.003803181853
0.003798757943
0.003794377854
0.003789901922
0.0037856094
0.003781222848
0.003777015948
0.003772716799
0.003768461305
0.003764248981
0.003759949726
0.003755823618
0.003751612275
0.003747444815
0.00374344508
0.003739362612
0.003735200808
0.003731203997
0.003727248665
0.003723216373
0.003719227131
0.003715280453
0.003711375858
0.003707512874
0.003703691037
0.003699799289
0.003695950166
0.003692251374
0.003688484871
0.003684759575
0.003680970344
0.003677327223
0.003673621558
0.003670058766
0.003666434795
0.003662851549
0.003659210723
0.003655708655
0.003652150313
0.003648727589
0.003645249874
0.003641812334
0.003638414515
0.003634965735
0.00363164706
0.003628278639
0.003624950239
0.003621661404
0.003618411683
0.003615200633
0.003611944834
0.003608728844
0.003605633169
0.003602494437
0.003599315181
0.003596253916
0.003593153199
0.003590167634
0.003587143672
0.00358415791
0.00358120991
0.00357822695
0.003575354108
0.0035724473
0.003569578375
0.003566746899
0.003563884742
0.003561127766
0.003558341045
0.003555591838
0.003552879709
0.003550204232
0.003547564985
0.003544899999
0.003542272116
0.003539680904
0.003537125937
0.003534606797
0.003532065728
0.003529561305
0.003527093099
0.003524660689
0.003522263658
0.003519848317
0.003517521604
0.003515177344
0.003512868396
0.003510544209
0.003508305421
0.003506052112
0.003503834002
0.003501650678
0.003499501732
0.00349734116
0.003495260498
0.003493168876
0.003491068083
0.003489045242
0.003487055828
0.00348505818
0.00348309458
0.003481164625
0.003479228752
0.003477365581
0.003475497074
0.003473661995
0.003471823509
0.003470054758
0.003468283146
0.003466544706
0.00346483904
0.003463165759
0.003461491974
0.003459882941
0.003458273907
0.003456666383
0.003455121807
0.003453579212
0.003452068807
0.003450590201
0.003449143013
0.003447699934
0.003446288709
0.00344490895
0.003443560277
0.00344221774
0.003440930689
0.003439650175
0.003438377539
0.00343715868
0.003435948072
0.00343476819
0.003433618658
0.003432479026
0.003431389624
0.003430310465
0.003429261257
0.003428223689
0.003427216389
0.003426255873
0.003425291095
0.003424372367
0.003423467081
0.003422591242
0.003421744485
0.003420926449
0.003420123411
0.003419349358
0.003418603928
0.003417874852
0.003417174639
0.003416502928
0.00341585936
0.003415243583
0.003414645676
0.003414075778
0.003413524874
0.003413010383
0.003412515083
0.00341204728
0.003411599741
0.003411186324
0.003410793344
0.003410421747
0.003410082796
0.003409765382
0.00340947475
0.003409206638
0.003408968953
0.003408753923
0.003408565126
0.003408399918
0.003408261061
0.003408148212
0.003408061035
0.003407998454
0.003407961645
0.003407950272
0.003407964399
0.003408004045
0.003408068876
0.003408158563
0.003408274641
0.003408415644
0.003408583822
0.003408774041
0.003408991489
0.003409233259
0.003409502998
0.003409797098
0.003410115232
0.003410462064
0.003410832956
0.003411227585
0.003411645631
0.003412093072
0.003412563943
0.003413064854
0.003413581954
0.003414136645
0.003414706891
0.003415307788
0.003415931469
0.003416577623
0.003417255002
0.00341795483
0.003418676799
0.003419430535
0.003420206376
0.003421014517
0.003421844715
0.003422696663
0.003423570058
0.003424476208
0.003425403749
0.003426364525
0.003427334218
0.003428349748
0.003429373599
0.003430431069
0.003431509192
0.003432621364
0.003433754106
0.003434907122
0.003436094553
0.003437302167
0.003438529673
0.003439791932
0.003441073984
0.003442391154
0.003443728007
0.003445084257
0.003446475915
0.003447886854
0.003449316791
0.003450782402
0.003452266888
0.003453787357
0.003455326569
0.003456884249
0.003458478132
0.003460090345
0.003461720615
0.003463387289
0.003465071879
0.003466793127
0.003468532141
0.003470308052
0.003472101573
0.003473912437
0.00347576034
0.003477625425
0.003479507429
0.003481426598
0.003483383206
0.003485335801
0.003487325667
0.003489353065
0.003491396874
0.003493478379
0.003495554407
0.003497689825
0.003499819255
0.003502008545
0.003504191339
0.003506411933
0.003508670545
0.003510921753
0.003513233756
0.003515560976
0.003517903166
0.00352026008
0.003522678582
0.003525088203
0.003527535947
0.003530021993
0.003532498293
0.003535036938
0.003537589738
0.003540156457
0.003542761499
0.003545380249
0.003548037369
0.003550707985
0.003553391864
0.003556139313
0.003558874665
0.003561648347
0.003564460487
0.003567285468
0.003570123064
0.003572999018
0.003575913444
0.003578840264
0.003581779255
0.003584756601
0.0035877724
0.003590773528
0.003593839595
0.003596917372
0.003600006641
0.0036031342
0.003606300131
0.003609477305
0.003612665512
0.003615891931
0.00361915663
0.003622432104
0.003625745803
0.00362907004
0.003632404609
0.003635777225
0.003639187939
0.003642608716
0.003646067517
0.003649564384
0.003653042716
0.003656587271
0.003660141368
0.003663704812
0.003667306029
0.003670945044
0.003674593119
0.003678278893
0.003681973485
0.003685705673
0.003689446437
0.003693224689
0.003697040436
0.003700864462
0.003704725866
0.003708595306
0.003712502003
0.003716445954
0.003720397634
0.003724356865
0.0037283531
0.003732386329
0.003736456536
0.003740533918
0.0037446183
0.003748769289
0.003752927135
0.00375709167
0.003761292755
0.003765530364
0.003769774344
0.003774054696
0.003778371386
0.003782694128
0.00378705305
0.003791417782
0.003795818536
0.003800255268
0.00380469749
0.003809175525
0.003813689328
0.003818208296
0.003822762862
0.003827352973
0.003831947925
0.003836578248
0.003841213176
0.003845914038
0.003850619328
0.003855328897
0.003860104246
0.003864883694
0.003869667097
0.003874516109
0.003879368892
0.003884225306
0.003889147145
0.003894072427
0.003899032023
0.003903994832
0.003908991765
0.003914022747
0.003919087698
0.003924155442
0.003929256961
0.003934392176
0.003939529858
0.003944732198
0.003949936809
0.003955143564
0.003960414734
0.00396568785
0.003970994009
0.003976333121
0.003981673857
0.003987047346
0.003992453494
0.003997892209
0.004003332129
0.004008835686
0.004014340244
0.00401984569
0.004025414489
0.004030983972
0.004036585325
0.004042218447
0.004047883239
0.004053579598
0.004059276122
0.004065004008
0.004070763151
0.004076553448
0.004082343498
0.004088164496
0.004094047628
0.004099930201
0.004105812118
0.004111755847
0.004117729988
0.004123703164
0.004129706545
0.004135740023
0.004141803488
0.004147896829
0.004153988699
0.004160141466
0.004166292555
0.00417247309
0.004178682959
0.004184922049
0.004191190246
0.004197487438
0.004203782351
0.004210137198
0.004216489562
0.004222870485
0.004229279853
0.00423571755
0.00424218346
0.004248677468
0.004255199457
0.00426174931
0.004268295893
0.004274901139
0.004281533899
0.004288163085
0.004294819582
0.004301534208
0.004308244958
0.004314982668
0.004321778098
0.004328569354
0.004335387215
0.004342231563
0.00434910228
0.004355999247
0.004362922346
0.004369871459
0.004376846467
0.004383847252
0.004390904367
0.004397956326
0.004405033707
0.004412136389
0.004419264254
0.004426417185
0.004433595063
0.004440828277
0.004448055668
0.004455307652
0.004462584109
0.004469915329
0.004477240355
0.004484619857
0.00449199298
0.004499420291
0.004506871316
0.004514345939
0.004521844041
0.004529365506
0.004536910217
0.004544478056
0.004552068908
0.004559712736
0.004567349235
0.004575038421
0.004582720105
0.004590454186
0.004598210526
0.004606018914
0.004613819398
0.004621641798
0.00462951581
0.004637411448
0.004645328598
0.004653267146
0.00466122698
0.00466923764
0.004677239675
0.004685292247
0.004693365592
0.004701459597
0.004709603643
0.004717768062
0.004725923318
0.004734157575
0.00474238245
0.004750656582
0.00475892118
0.004767234749
0.004775597079
0.004783949585
0.004792350567
0.004800770697
0.004809238951
0.004817697022
0.004826202934
0.0048347275
0.004843299556
0.004851889985
0.004860498682
0.004869125543
0.004877799265
0.004886490873
0.004895200265
0.004903956028
0.0049127293
0.004921548595
0.004930356543
0.004939238783
0.004948109477
0.004957025573
0.004965958432
0.004974936346
0.004983930752
0.004992941553
0.005001996931
0.005011068436
0.005020184175
0.005029315775
0.005038491267
0.005047654268
0.005056888947
0.00506613896
0.005075404213
0.00508471255
0.005094035868
0.005103374076
0.005112782719
0.00512217814
0.005131615844
0.005141095627
0.005150589622
0.005160125363
0.005169675065
0.005179238642
0.005188871012
0.005198489467
0.005208148886
0.005217849066
0.005227589805
0.005237343599
0.005247110368
0.00525691725
0.005266764046
0.005276623415
0.005286522378
0.005296433676
0.00530638425
0.005316373903
0.005326375498
0.005336415857
0.005346494784
0.005356585264
0.005366714001
0.005376880799
0.005387058769
0.005397274493
0.005407501164
0.005417791854
0.005428093187
0.005438405096
0.005448780406
0.00545916599
0.005469588146
0.005480020362
0.005490515135
0.005501019673
0.005511560109
0.005522110098
0.005532721812
0.005543342788
0.005553999001
0.005564690264
0.005575390442
0.005586151295
0.00559692078
0.005607724665
0.005618562768
0.005629434908
0.005640315204
0.00565125492
0.005662202516
0.005673183515
0.00568419774
0.005695245012
0.005706325157
0.005717437998
0.00572858336
0.005739761069
0.005750945669
0.005762187596
0.005773436151
0.005784741606
0.005796053432
0.005807421733
0.005818796151
0.005830226623
0.005841662959
0.005853154931
0.005864652518
0.005876205328
0.005887763505
0.005899376493
0.005911019304
0.005922667121
0.005934369136
0.005946100491
0.005957861026
0.005969650581
0.005981469
0.005993340531
0.006005216162
0.00601714451
0.006029101013
0.006041085517
0.006053097868
0.006065137915
0.00607722962
0.006089348635
0.006101494809
0.006113667994
0.006125868042
0.006138118712
0.006150395867
0.006162699362
0.006175029052
0.006187408533
0.00619981384
0.00621224483
0.006224724977
0.006237230442
0.006249761086
0.006262340262
0.006274944258
0.006287572936
0.006300249529
0.00631295045
0.006325675567
0.006338447988
0.006351267459
0.006364087401
0.006376954047
0.006389867145
0.006402803405
0.006415785695
0.00642879081
0.006441818622
0.006454891882
0.006468010343
0.006481150966
0.006494313627
0.00650754363
0.006520772596
0.006534068417
0.006547362964
0.006560723886
0.006574105807
0.00658750861
0.006600977035
0.006614465951
0.006627975247
0.006641527114
0.006655121321
0.006668757636
0.006682413645
0.006696111384
0.006709850625
0.006723609076
0.00673743068
0.006751249141
0.006765130307
0.00677905193
0.006792991926
0.006806972019
0.006820991988
0.006835051616
0.006849128981
0.006863267315
0.006877423036
0.006891617633
0.006905850894
0.006920122607
0.006934432562
0.006948780549
0.006963166361
0.006977568443
0.006992029323
0.007006527411
0.007021041272
0.007035613203
0.007050221734
0.007064845552
0.007079526723
0.007094243896
0.007108996876
0.007123785466
0.007138609472
0.007153468701
0.007168383802
0.007183312864
0.007198297339
0.007213316198
0.007228369254
0.007243456321
0.007258577214
0.007273752319
0.007288960806
0.007304202494
0.007319477203
0.00733480517
0.007350165724
0.007365558689
0.007381004191
0.007396481677
0.007412011202
0.0074275521
0.007443144617
0.007458788472
0.007474463305
0.007490168949
0.00750592524
0.007521711937
0.007537548801
0.00755341567
0.007569332233
0.007585278404
0.007601273803
0.007617298418
0.007633371797
0.007649493674
0.007665644153
0.007681842675
0.007698069423
0.007714343763
0.007730665436
0.00774701474
0.007763410936
0.007779853768
0.007796342983
0.007812859029
0.007829421027
0.007846028727
0.00786268188
0.007879361087
0.007896085327
0.007912854357
0.007929667933
0.007946525815
0.007963427761
0.007980373535
0.007997343997
0.008014376751
0.008031433795
0.008048552591
0.008065695285
0.008082899198
0.008100126622
0.008117414738
0.008134744599
0.00815211598
0.008169528659
0.008186982414
0.008204477025
0.008222012273
0.008239606347
0.008257222185
0.008274896349
0.00829261022
0.008310381854
0.008328192704
0.008346042562
0.008363931221
0.008381876603
0.008399860308
0.008417882132
0.008435959898
0.008454075314
0.008472246137
0.008490454146
0.008508699145
0.008526998794
0.008545352797
0.008563743077
0.008582169444
0.008600649427
0.008619182738
0.00863775144
0.008656372966
0.008675047033
0.008693755809
0.008712516632
0.008731329223
0.008750175855
0.008769091187
0.008788022696
0.008807022359
0.008826072489
0.008845155535
0.00886428858
0.008883471358
0.008902703607
0.008921985063
0.008941315468
0.008960694562
0.008980122089
0.008999597794
0.009019121422
0.009038692723
0.009058311445
0.009077977341
0.009097690163
0.009117449666
0.009137272404
0.009157124507
0.009177039299
0.009196999743
0.009217022271
0.009237073278
0.009257185838
0.009277359622
0.009297561221
0.009317823522
0.009338146205
0.009358512502
0.009378922187
0.009399391426
0.00941990355
0.009440474663
0.009461088163
0.009481760095
0.009502473922
0.009523245633
0.009544074923
0.009564945354
0.009585872825
0.009606857041
0.009627897704
0.009648978505
0.00967011523
0.009691307588
0.009712539366
0.009733842158
0.00975518386
0.009776595949
0.009798046444
0.009819550931
0.009841124878
0.00986273649
0.009884401269
0.009906134597
0.009927904865
0.009949743086
0.00997163334
0.00999357536
0.01001556889
0.01003761366
0.01005972486
0.01008188674
0.01010409904
0.01012637685
0.01014870452
0.0101710818
0.0101935237
0.01021602991
0.01023856965
0.01026118833
0.01028385522
0.01030657009
0.0103293478
0.01035218802
0.0103750754
0.01039802473
0.01042103568
0.01044410794
0.01046722628
0.01049040537
0.01051364491
0.01053694459
0.01056030412
0.01058370839
0.01060718673
0.01063070928
0.01065430525
0.01067795957
0.01070165732
0.01072542754
0.01074925525
0.01077315475
0.01079709658
0.01082110959
0.01084517891
0.01086930429
0.01089348543
0.01091773648
0.01094205709
0.0109664182
0.01099086261
0.01101534699
0.01103991398
0.01106453467
0.0110892088
0.01111395031
0.01113875887
0.01116362
0.01118854756
0.01121354124
0.01123860071
0.01126372564
0.01128890171
0.01131415664
0.01133946213
0.01136483187
0.01139026555
0.01141577674
0.01144133734
0.0114669748
0.01149266112
0.01151842363
0.0115442482
0.01157014827
0.01159610977
0.0116221324
0.01164821588
0.01167437354
0.01170059143
0.01172688282
0.01175323383
0.01177965768
0.01180614054
0.01183269561
0.01185932252
0.01188600753
0.01191276376
0.01193959087
0.01196648851
0.01199344304
0.01202048079
0.01204757482
0.01207475135
0.01210198355
0.01212929757
0.01215666666
0.01218411687
0.0122116347
0.01223921983
0.01226688502
0.01229460378
0.01232240195
0.01235027914
0.01237822199
0.01240623022
0.01243431645
0.01246246741
0.01249069569
0.01251900093
0.01254736994
0.01257581524
0.01260433647
0.01263292053
0.01266159262
0.01269032687
0.01271913573
0.01274803151
0.01277698851
0.01280601909
