0.2686907219
0.1900993875
0.1552491428
0.1344127255
0.1201830558
0.1097479514
0.1015790576
0.0950183505
0.08954322331
0.08489931367
0.08088840568
0.07431685127
0.06909063145
0.06481608813
0.06126025062
0.05692798351
0.05343165641
0.05052441518
0.04732979404
0.04408055303
0.04142615114
0.03877174445
0.03625147717
0.03415506565
0.03195142817
0.02992180857
0.02794243635
0.02618043419
0.02452269035
0.0229880084
0.02157103929
0.02018065858
0.01895408629
0.01775333547
0.01661074692
0.01554081096
0.01450912766
0.01358087698
0.01272574341
0.01192475399
0.01119492622
0.01052271515
0.009866645478
0.009249821117
0.008695184118
0.0081635657
0.007614928925
0.007082069333
0.006598708576
0.006159387097
0.005736705072
0.005348704966
0.005052214905
0.004772826438
0.004488371379
0.004233818872
0.004028137097
0.003839124434
0.003693069672
0.003582531853
0.003474592266
0.003373718861
0.003301371221
0.003267629147
0.003284844709
0.003352249711
0.003470393199
0.003642992571
0.003860913995
0.004102217617
0.004360848604
0.004625141694
0.00487652681
0.005116325894
0.005347455188
0.005576550467
0.00579263708
0.005953835686
0.00612675444
0.006446986033
0.006863995007
0.007288287385
0.007743022045
0.008129185188
0.008334701949
0.008172248277
0.007758612848
0.007185446718
0.006654759969
0.005849481095
0.004564300603
0.003033154701
