1020400.58
722085.4522
589068.1728
509865.5343
455862.4077
416310.3037
385576.2746
360914.7872
340442.9171
323038.4936
308001.658
283297.0807
263793.0086
247775.5258
234417.1624
217950.2593
204488.7864
193200.5649
180725.8438
168070.0435
157772.44
147595.8787
137820.5197
129712.1274
121057.5866
113131.8676
105348.2923
98519.34298
92092.26709
86175.04398
80810.10421
75530.55338
70836.93672
66454.29212
62300.34199
58225.38414
54359.70697
50782.96959
47263.66105
44037.0447
41120.47479
38420.77057
35962.64049
33719.91187
31611.6059
29637.07288
27863.05976
26199.7357
24585.77797
23127.85563
21777.81589
20450.7499
19204.54384
18061.74244
16909.33454
15829.22963
14972.07905
14196.1696
13441.69904
12775.09153
12129.56976
11406.72017
10774.57833
10250.65926
9778.666293
9257.56274
8769.865521
8254.119829
7756.358551
7226.82851
6698.866588
6232.545744
5788.85469
5369.241869
5067.633596
4977.001011
4889.962377
4922.921888
5015.350946
4995.308084
4829.699071
4680.112829
4714.434353
4806.816546
4953.557232
5122.348349
5217.101927
5204.573071
4987.637576
4670.934434
4770.100588
5163.090158
