43603.40183
30825.78371
25167.42611
21794.91262
19493.59694
17794.93045
16474.77893
15410.66634
14529.26633
13783.6419
13142.1692
12089.02642
11254.27878
10571.57217
9999.730283
9292.995075
8717.647868
8237.450296
7705.492343
7166.039896
6726.053648
6291.734454
5877.827669
5536.172991
5173.516351
4843.765988
4520.610412
4234.47597
3963.475764
3711.486432
3479.832718
3250.103237
3045.677771
2850.919131
2669.153954
2497.591305
2335.110125
2186.920549
2045.654846
1913.854965
1791.019972
1676.769254
1569.734095
1469.2484
1375.005168
1286.847936
1204.652234
1127.523094
1055.661083
988.5681165
925.5514303
866.8089901
811.9555936
760.5519708
712.5770682
667.8357468
626.0206272
587.0282271
550.7052412
516.7916699
485.2749803
455.9496981
428.7168085
403.4810916
380.1472086
358.6233388
338.8646501
320.7923192
304.372522
289.5670162
276.356912
264.7238777
254.6712982
246.2029732
239.3305173
234.0668757
230.4274593
228.4244707
228.0647927
229.3501985
232.2756148
236.8309096
243.0020533
250.7748237
260.1363542
271.0780006
283.5988248
297.7059003
313.417651
330.7618076
349.7792249
370.5214128
