0.05942529668
0.04205295568
0.03429795185
0.02969146065
0.02656596136
0.02425431706
0.02245352027
0.02099577702
0.01979092754
0.01877155072
0.01789328017
0.01645071477
0.01531589682
0.01438974358
0.01361037901
0.01264619011
0.01186250646
0.01120243875
0.01046329758
0.009720456152
0.009122079685
0.008534670714
0.0079777942
0.007523580668
0.007042590813
0.006601707015
0.006166091117
0.005785543546
0.005424201936
0.005083756622
0.004772945322
0.00446906804
0.004188966055
0.003919494605
0.003667630312
0.003424237604
0.0031872214
0.002976915265
0.002781999188
0.00260487794
0.002439042932
0.002288082359
0.002143796088
0.002004104232
0.001865312808
0.001735449083
0.00162316586
0.001520660721
0.001425843423
0.001340035048
0.001265887318
0.001196241752
0.00112748813
0.001063706499
0.00100602065
0.0009558635205
0.0009060190049
0.0008604515232
0.0008212806796
0.0007836151833
0.0007478211751
0.0007153197578
0.0006876016981
0.0006647519808
0.0006571113141
0.0006591463151
0.0006654964127
0.0006772559045
0.0006933371282
0.0007078005014
0.0007248419493
0.0007512141377
0.0007916072341
0.0008438550237
0.0009039265531
0.0009715368375
0.001038890611
0.001100759122
0.001163581809
0.001232534624
0.001309508555
0.001403129865
0.001523467281
0.001678075398
0.001863657178
0.002079608715
0.002330906939
0.00261676679
0.002953922343
0.003325852131
0.003730625584
0.004066012966
