43712.46621
30940.96794
25281.60182
21892.58852
19575.51965
17863.96707
16538.92636
15470.55788
14587.00918
13834.31239
13187.84781
12124.18714
11279.42931
10590.15449
10016.42548
9307.271745
8730.358573
8253.117468
7724.226495
7180.685608
6739.371405
6304.90436
5890.243113
5544.908903
5180.211646
4849.834109
4524.656098
4233.40396
3955.352419
3693.330943
3453.713539
3215.639334
3005.968138
2812.488136
2636.613739
2473.761905
2326.374938
2188.200605
2050.319105
1919.809542
1797.932083
1677.786338
1561.384805
1458.462697
1361.225139
1275.681882
1192.060244
1117.854442
1045.682954
980.5653405
914.2307729
852.2503706
797.7851434
747.6736327
700.3485789
663.1493462
633.1765035
602.4111976
572.430463
545.200852
516.7236837
484.5742208
450.495533
421.0918363
388.9996517
352.2449548
314.3284237
285.3211862
259.5126527
235.4868833
216.2168083
204.4068258
194.2165984
184.6782675
175.327206
172.0602242
171.160664
173.0128551
179.9323586
185.9749707
189.9542641
191.2064801
193.0169607
192.3821578
201.3262127
221.2112375
252.412807
293.2171291
343.8464111
401.614687
465.5546991
523.4874478
