0.467136801
0.2680192299
0.1990135891
0.163090875
0.1406696285
0.125146481
0.1136535746
0.1047362876
0.0975743291
0.09166795124
0.0866941984
0.08243442886
0.07873494497
0.07548429172
0.07259950935
0.07001746015
0.06768916307
0.06557598055
0.06364698469
0.06187709579
0.06024574023
0.05873586505
0.05733320282
0.05602571512
0.05480316569
0.05365678914
0.05257903085
0.05156334088
0.05060400903
0.04969603178
0.04883500397
0.04801703014
0.04723865135
0.0464967844
0.04578867104
0.04511183539
0.04446404787
0.04384329467
0.04324775165
0.04267576206
0.04212581733
0.04159654047
0.04108667171
0.04059505601
0.04012063214
0.03966242309
0.03921952775
0.03879111345
0.03837640944
0.03797470112
0.03758532488
0.03720766352
0.03684114219
0.03648522469
0.03613941024
0.03580323049
0.0354762469
0.03515804834
0.03484824893
0.03454648607
0.0342524187
0.03396572562
0.03368610412
0.03341326855
0.03314694915
0.03288689093
0.03263285263
0.0323846058
0.03214193393
0.03190463167
0.03167250409
0.03144536602
0.03122304142
0.03100536283
0.03079217083
0.03058331351
0.03037864612
0.03017803053
0.02998133493
0.02978843341
0.02959920566
0.02941353664
0.02923131628
0.02905243922
0.02887680454
0.02870431555
0.02853487953
0.02836840754
0.02820481423
0.02804401765
0.02788593908
0.02773050285
0.02757763621
0.02742726921
0.02727933449
0.02713376724
0.02699050503
0.02684948769
0.02671065726
0.02657395783
0.02643933546
0.02630673814
0.02617611562
0.02604741941
0.02592060265
0.02579562008
0.02567242792
0.02555098388
0.02543124701
0.02531317772
0.02519673769
0.02508188982
0.02496859816
0.02485682791
0.02474654536
0.02463771779
0.02453031353
0.02442430184
0.0243196529
0.02421633778
0.0241143284
0.02401359752
0.02391411865
0.02381586611
0.0237188149
0.02362294078
0.02352822014
0.02343463005
0.02334214823
0.02325075298
0.02316042321
0.02307113838
0.02298287852
0.02289562418
0.02280935642
0.0227240568
0.02263970736
0.0225562906
0.02247378948
0.02239218736
0.02231146806
0.02223161578
0.02215261512
0.02207445106
0.02199710894
0.02192057448
0.02184483372
0.02176987305
0.02169567917
0.02162223911
0.02154954021
0.02147757008
0.02140631665
0.02133576809
0.02126591289
0.02119673975
0.02112823766
0.02106039585
0.02099320379
0.02092665117
0.02086072794
0.02079542423
0.02073073041
0.02066663705
0.02060313493
0.02054021503
0.0204778685
0.02041608669
0.02035486115
0.02029418357
0.02023404584
0.02017444001
0.02011535828
0.02005679304
0.01999873679
0.01994118223
0.01988412217
0.01982754957
0.01977145754
0.01971583932
0.01966068829
0.01960599793
0.01955176189
0.01949797391
0.01944462786
0.01939171773
0.01933923762
0.01928718173
0.0192355444
0.01918432004
0.01913350319
0.01908308847
0.01903307062
0.01898344445
0.01893420489
0.01888534696
0.01883686574
0.01878875643
0.0187410143
0.01869363471
0.0186466131
0.01859994498
0.01855362596
0.01850765171
0.01846201797
0.01841672057
0.0183717554
0.01832711843
0.01828280568
0.01823881325
0.0181951373
0.01815177407
0.01810871984
0.01806597096
0.01802352385
0.01798137497
0.01793952086
0.0178979581
0.01785668332
0.01781569321
0.01777498454
0.01773455409
0.01769439871
0.0176545153
0.01761490081
0.01757555223
0.01753646661
0.01749764103
0.01745907262
0.01742075857
0.01738269608
0.01734488244
0.01730731492
0.01726999089
0.01723290773
0.01719606286
0.01715945374
0.01712307787
0.01708693279
0.01705101607
0.01697985819
0.01694461234
0.0169095855
0.01687477541
0.01684017984
0.0168057966
0.01677162353
0.01673765851
0.01670389943
0.01667034422
0.01663699084
0.01660383729
0.01653812173
0.01650555583
0.01647318198
0.0164409983
0.01640900293
0.01637719406
0.01634556987
0.01631412859
0.01625178776
0.01622088478
0.01619015783
0.01615960525
0.0161292254
0.01609901667
0.01603910616
0.01600940126
0.01597986119
0.01595048446
0.01592126956
0.01586331935
0.01583458115
0.01580599897
0.01577757142
0.01572117467
0.01569320275
0.01566538001
0.01563770513
0.01558279377
0.01555555473
0.01552845843
0.01550150364
0.01544801369
0.01542147613
0.01539507526
0.01536880991
0.01531668121
0.01529081558
0.01526508094
0.01521400026
0.01518865206
0.01516343053
0.01511336329
0.01508851553
0.01506379031
0.01501470351
0.01499033996
0.01496609501
0.01491795712
0.01489406229
0.01484661624
0.0148230632
0.01479962229
0.01475307331
0.0147299635
0.01468406897
0.01466128256
0.01463860229
0.01459355687
0.01457119011
0.01452676452
0.01450470413
0.01446088432
0.01443912339
0.01439589575
0.01437442758
0.01435305554
0.01431059702
0.01428950913
0.01424761264
0.01422680267
0.01418545595
0.01414446911
0.01412410903
0.01408365234
0.01406355448
0.01402361664
0.01400377545
0.01396434549
0.01394475555
0.01390582283
0.01388647891
0.01384803309
0.01380990628
0.01379096113
0.01375330466
0.0137159564
0.01369739655
0.01366050284
0.01364216797
0.01360571968
0.0135695634
0.01355159355
0.01351586806
0.01348042504
0.0134628083
0.01342778209
0.01339302926
0.01337575425
0.01334140487
0.01330732017
0.01327349678
0.01325668203
0.0132232444
0.0131900599
0.01315712537
0.01314075087
0.01310818547
0.01307586236
0.01304377856
0.01301193114
0.01299609517
0.01296459694
0.01293332799
0.01290228555
0.01287146692
0.0128561407
0.01282565279
0.01279538211
0.01276532609
0.01273548222
0.01270584803
0.01267642108
0.01264719897
0.01261817935
0.01260374475
0.01257502453
0.01254650107
0.01251817214
0.01249003556
0.01246208916
0.01243433083
0.01240675846
0.01237937001
0.01235216344
0.01232513675
0.012298288
0.01227161523
0.01224511654
0.01221879006
0.01219263394
0.01216664635
0.0121408255
0.01211516963
0.01207699136
0.01205174036
0.01202664836
0.0120017137
0.01197693474
0.01195230989
0.01192783756
0.01190351619
0.01186731382
0.01184336317
0.01181955819
0.01179589742
0.01177237941
0.01173736698
0.01171419971
0.01169117032
0.01166827744
0.01164551974
0.01161163379
0.01158920832
0.0115669135
0.01153371349
0.01151173983
0.01148989249
0.01146817027
0.01143581897
0.01141440442
0.01139311092
0.01136139518
0.01134039941
0.01130912508
0.01128842019
0.01126782979
0.01123715658
0.01121684787
0.0111865924
0.01116655905
0.011136712
0.01111694788
0.01109728978
0.01106799937
0.01104860224
0.01101969899
0.01100055714
0.01097203266
0.0109437315
0.01092498672
0.01089705141
0.01087854792
0.01085097071
0.01083270341
0.01080547676
0.01077845691
0.0107605573
0.01073387642
0.01070739555
0.01068985155
0.01066369858
0.01063773914
0.0106205392
0.0105948971
0.01056944233
0.01054417264
0.01052742791
0.01050246179
0.01047767492
0.01045306521
0.01043675611
0.01041243702
0.01038828959
0.01036431184
0.0103405018
0.01031685754
0.01030118586
0.0102778137
0.01025460233
0.01023154993
0.01020865471
0.01018591491
0.01016332879
0.01014089465
0.0101186108
0.0100964756
0.0100744874
0.01005264462
0.01003094566
0.01000938898
0.009987973029
0.009966696311
0.009945557337
0.00992455464
0.009903686779
0.009876070253
0.009855511515
0.009835082954
0.009814783216
0.009794610968
0.009774564896
0.009748030836
0.009728274167
0.009708639426
0.00968912538
0.009663292295
0.009644055162
0.009624934731
0.00960592984
0.009580767737
0.009562028013
0.009543400072
0.009518734816
0.009500363477
0.009476036482
0.009457915978
0.009439901253
0.00941604442
0.009398272603
0.009374736058
0.009357201806
0.009333978538
0.009316676673
0.009293759883
0.009276685384
0.009254068476
0.009231620047
0.009214893053
0.009192734541
0.009176222679
0.009154347984
0.0091326328
0.009116449945
0.009095009347
0.009073723106
0.009057858628
0.009036838159
0.009015967124
0.008995243787
0.008974666442
0.008959328227
0.00893900234
0.008918817888
0.008898773265
0.00887886689
0.008859097206
0.008839462681
0.008824824577
0.008805422965
0.008786152422
0.008767011502
0.008747998784
0.008729112866
0.008710352371
0.008691715939
0.008673202234
0.008650230681
0.008631988322
0.00861386448
0.008595857899
0.008577967344
0.008560191597
0.008542529458
0.008520609745
0.008503198926
0.008485897935
0.008468705643
0.008447366446
0.008430414689
0.008413568077
0.008392656057
0.008376042165
0.008359530024
0.008339031394
0.008322744511
0.008302524322
0.008286457726
0.008266509861
0.008250658732
0.008230977261
0.008215336928
0.008195916099
0.008180482032
0.008161316269
0.008142289859
0.008127167962
0.008108388268
0.008093461661
0.008074923518
0.008056517394
0.008038241765
0.008023714211
0.008005669716
0.007987751581
0.007969958376
0.007952288691
0.007934741138
0.007920790113
0.007903458973
0.007886246197
0.007869150477
0.007852170527
0.007835305081
0.007818552891
0.007801912729
0.007785383385
0.007768963668
0.007749403065
0.007733220421
0.007717143711
0.007701171815
0.007685303633
0.007669538078
0.007650753374
0.007635209855
0.007619765595
0.007601362067
0.007586132602
0.007570999181
0.007552964481
0.007538038942
0.007523206376
0.00750552871
0.007490897423
0.00747345865
0.007459024271
0.007441819227
0.00742473955
0.007410601194
0.007393747568
0.007379795581
0.007363163227
0.007346649601
0.007330253347
0.007316678496
0.007300493968
0.00728442308
0.007268464555
0.007252617138
0.007239494936
0.007223848015
0.007208308744
0.007192875941
0.00717754844
0.007162325094
0.007147204772
0.007132186363
0.007117268769
0.007099990892
0.007085288052
0.007070682665
0.007056173701
0.007041760148
0.007025063591
0.007010853351
0.006996735408
0.006982708806
0.006966458632
0.006952626734
0.0069366012
0.00692295973
0.006907153925
0.006893698737
0.006878107901
0.006864834977
0.006849454492
0.006836359934
0.00682118532
0.006806119753
0.00679329226
0.006778425932
0.00676366516
0.006749008759
0.006734455564
0.006722062669
0.006707698111
0.006693433527
0.00667926782
0.006665199909
0.006651228731
0.006637353238
0.006623572399
0.006609885196
0.006594356054
0.006580866152
0.006567466792
0.006554157019
0.006540935893
0.006525933393
0.006512899122
0.00649995063
0.006485256256
0.006472488615
0.00645799866
0.006445407933
0.006431117965
0.006418700332
0.006404606055
0.006392357812
0.006378455056
0.006364652784
0.006352657333
0.006339040429
0.006325520802
0.00631209737
0.006298769069
0.00628553485
0.006274031273
0.006260970689
0.006248001263
0.006235122008
0.006220739418
0.006208048567
0.006195444898
0.006182927483
0.006170495409
0.006158147778
0.006144356524
0.006132185406
0.006120096003
0.006106592047
0.006094673494
0.006081359646
0.00606960824
0.006056480395
0.006044892544
0.006031946723
0.006019095697
0.006007751283
0.005995076423
0.005982493328
0.005970000979
0.005958972043
0.005946648387
0.005934412628
0.005922263807
0.005910200984
0.005898223229
0.005886329628
0.00587451928
0.005861493237
0.005849855752
0.005838298804
0.005826821548
0.005814161493
0.005802849752
0.005791615148
0.005779221756
0.005768147397
0.005755930129
0.005745012572
0.005732967661
0.005721011989
0.00571032736
0.005698538512
0.005686836058
0.005675219047
0.005663686542
0.00565223762
0.005640871373
0.005629586908
0.005618383343
0.00560725981
0.005596215457
0.005585249442
0.005574360935
0.005563549121
0.005551743745
0.00554109038
0.005529457394
0.00551895904
0.005508533324
0.005497148043
0.005485848775
0.005475650543
0.005464512826
0.005453458367
0.005443480335
0.005432582288
0.005421764868
0.005411027199
0.005400368417
0.00538978767
0.005379284121
0.005368856946
0.005358505331
0.005347297897
0.005337101699
0.005326978627
0.005316017775
0.005306045144
0.00529614331
0.005285421198
0.005274781539
0.005265100167
0.005254615989
0.005244211625
0.005234743656
0.005224489827
0.00521431329
0.005204213207
0.005194188751
0.00518423911
0.005174363481
0.005164561078
0.005154831121
0.005144371203
0.005134789734
0.005125278388
0.005115052716
0.005105685126
0.00509561351
0.0050863866
0.005076465758
0.005067376542
0.005057603289
0.005047905556
0.00503828252
0.00502873337
0.00501925731
0.005009853554
0.005000521328
0.00499125987
0.004982068429
0.004972946268
0.004963199043
0.004954218453
0.004945304935
0.004935779973
0.004926331136
0.004917624643
0.004908320251
0.004899089554
0.004890583477
0.004881492644
0.004872473185
0.00486352433
0.004854645322
0.004845835414
0.004837093872
0.004828419972
0.00481920076
0.00481066472
0.004801591613
0.004793190466
0.004784260336
0.004775991205
0.004767201014
0.004759061109
0.004750407913
0.004741824448
0.004733309962
0.004724863714
0.004716484973
0.004708173019
0.004699927144
0.004691203591
0.004683092079
0.004675044538
0.004666530252
0.004658612815
0.004650235823
0.00464192855
0.004634203125
0.004626028778
0.004617921947
0.004609881905
0.004601907934
0.00459399933
0.004586155396
0.004578375448
0.004570178609
0.004562528512
0.004554940366
0.00454694512
0.004539482722
0.004531619659
0.004523823598
0.004516093811
0.004508878618
0.004501275446
0.004493736471
0.004485823239
0.00447841429
0.004471067474
0.004463782136
0.004456134543
0.004448973759
0.004441456632
0.00443441775
0.004427028324
0.004419703521
0.004412442643
0.004405245002
0.00439810992
0.004391036728
0.004384024769
0.004377073394
0.004370181964
0.004362972016
0.004356201843
0.004349118515
0.004342099162
0.004335507628
0.004328610867
0.004321776056
0.004315002531
0.004308289636
0.004301636724
0.004294697761
0.004288165989
0.004281692286
0.004274939928
0.004268583524
0.00426195332
0.004255384753
0.004248877154
0.004242429868
0.004236042244
0.004229713644
0.00422344344
0.004217231011
0.004210769474
0.004204673586
0.004198333099
0.004192351262
0.004186129251
0.004179966949
0.00417386371
0.004167818899
0.004161831888
0.004155902059
0.004150028805
0.004143935898
0.004138176625
0.00413220184
0.004126286512
0.004120694929
0.004114893945
0.004109150528
0.004103464057
0.004097833921
0.004092007448
0.004086490674
0.004081028427
0.004075375572
0.004070023072
0.00406448372
0.004059001446
0.00405357563
0.004048205661
0.004042890936
0.004037630864
0.004032199728
0.004027049528
0.004021731797
0.004016689101
0.00401148234
0.004006331329
0.004001235461
0.003996194137
0.003991206768
0.00398606834
0.003981189336
0.003976162556
0.003971389567
0.003966472024
0.003961609308
0.003956800819
0.003952045966
0.003947344166
0.003942694846
0.003938097439
0.003933370607
0.003928698705
0.003924257725
0.00391969181
0.003915179049
0.003910718859
0.003906310668
0.003901787361
0.003897483424
0.003893229794
0.003888865228
0.003884553734
0.003880294723
0.003876087617
0.003871931845
0.003867826844
0.003863772062
0.003859619561
0.003855665395
0.003851616088
0.00384761845
0.003843671905
0.003839775889
0.003835929846
0.003831998538
0.003828252535
0.00382442369
0.00382077552
0.003817046883
0.003813368385
0.003809739469
0.003806159584
0.003802507274
0.003799025478
0.003795473505
0.003792087621
0.003788633766
0.00378522897
0.003781872684
0.003778454911
0.003775195603
0.003771876909
0.003768712408
0.003765490583
0.00376231716
0.003759191593
0.003756113343
0.003752984863
0.003750001147
0.003746969145
0.003744077836
0.003741140148
0.003738249557
0.00373540553
0.003732520838
0.003729769779
0.003726979866
0.003724237248
0.003721622393
0.003718971348
0.003716287764
0.003713728965
0.00371121482
0.003708670659
0.003706172817
0.003703720758
0.003701313955
0.003698951884
0.003696634034
0.003694293669
0.003691999084
0.003689813386
0.003687607492
0.003685445808
0.003683267947
0.003681194383
0.003679106098
0.003677118605
0.003675117821
0.00367316063
0.003671193963
0.003669323611
0.003667445139
0.003665659588
0.00366386725
0.0036621178
0.003660410732
0.003658701116
0.003657078431
0.003655454449
0.003653873081
0.003652333818
0.003650836157
0.003649379604
0.003647926954
0.003646516571
0.003645182519
0.003643854091
0.003642533945
0.003641287589
0.003640050598
0.003638884336
0.003637728502
0.003636613016
0.003635537388
0.003634475731
0.003633479347
0.003632497922
0.003631556366
0.003630654188
0.003629770333
0.003628946405
0.003628141719
0.003627376352
0.003626649818
0.003625961635
0.003625311329
0.003624684294
0.003624095979
0.003623545898
0.003623033574
0.003622558534
0.003622110558
0.003621700645
0.003621328312
0.003620993084
0.003620694493
0.003620426531
0.003620200643
0.003620006093
0.003619847957
0.00361972346
0.003619637549
0.003619585934
0.00361957045
0.003619590633
0.003619646022
0.003619738507
0.0036198637
0.003620026582
0.003620228936
0.003620461867
0.003620728774
0.003621035972
0.003621377687
0.003621753464
0.00362217174
0.003622614992
0.003623101238
0.003623621137
0.003624185874
0.00362477241
0.003625404232
0.003626069257
0.003626767037
0.003627497132
0.00362827467
0.003629068728
0.003629910628
0.003630801817
0.003631707581
0.003632662996
0.00363365017
0.003634668668
0.00363571806
0.003636818984
0.003637951121
0.003639114037
0.003640307304
0.003641553866
0.003642807134
0.003644113977
0.003645475637
0.003646842175
0.003648263776
0.003649714983
0.003651195376
0.003652732243
0.003654270283
0.003655865009
0.003657488302
0.003659169494
0.003660879434
0.003662586964
0.003664383887
0.003666177584
0.00366803058
0.003669911236
0.003671819148
0.003673753915
0.003675749188
0.003677771437
0.003679820261
0.003681930658
0.003684067724
0.003686231058
0.003688420264
0.003690634955
0.00369291229
0.003695215177
0.003697581602
0.00369993484
0.003702351658
0.003704793296
0.003707299348
0.003709789874
0.003712344835
0.003714965003
0.003717568121
0.003720236447
0.003722928471
0.003725686432
0.003728425098
0.003731229679
0.003734057194
0.003736951299
0.003739868296
0.003742807817
0.003745769498
0.003748798351
0.003751849307
0.003754922003
0.003758062426
0.003761224514
0.003764407908
0.003767612256
0.00377088479
0.003774178187
0.003777540275
0.003780874647
0.003784277602
0.003787700619
0.003791192679
0.003794704679
0.003798236276
0.00380183728
0.003805457746
0.003809097334
0.003812755711
0.003816483745
0.003820230423
0.003824047115
0.003827830342
0.003831735616
0.003835606769
0.003839548096
0.00384350708
0.003847483401
0.003851530101
0.003855593958
0.003859674655
0.003863825901
0.003867993799
0.003872232482
0.003876487614
0.003880758882
0.003885045981
0.003889403871
0.003893777385
0.003898221872
0.003902625922
0.003907156762
0.003911646566
0.003916207283
0.003920782587
0.003925428936
0.003930089641
0.003934764411
0.003939510223
0.003944269862
0.003949043045
0.00395388724
0.003958744736
0.003963673315
0.003968614945
0.003973569348
0.003978594759
0.003983632688
0.003988682865
0.003993803953
0.003998937031
0.004004141034
0.004009356763
0.004014583952
0.004019881932
0.004025191105
0.004030511213
0.00403590196
0.004041303373
0.004046775389
0.004052257798
0.004057810761
0.004063373838
0.004068946778
0.00407459007
0.004080242946
0.004085905164
0.004091637518
0.004097440061
0.004103190396
0.004109010636
0.00411490082
0.004120799495
0.004126768001
0.004132683048
0.004138729378
0.004144721797
0.00415084553
0.004156914902
0.004163053559
0.004169261499
0.004175414348
0.004181698443
0.004187989336
0.004194286813
0.004200590663
0.004207025694
0.00421340436
0.004219851528
0.004226367163
0.004232825763
0.004239415321
0.004246010279
0.004252610438
0.004259278532
0.004265951532
0.004272692265
0.004279437608
0.004286187372
0.004293067654
0.004299888962
0.004306777431
0.004313732985
0.004320692263
0.004327655084
0.004334684617
0.004341780774
0.004348880065
0.004355982316
0.004363150806
0.00437038544
0.004377559125
0.004384862178
0.004392167486
0.004399474885
0.004406847781
0.004414286064
0.00442172602
0.004429167493
0.004436673949
0.004444245265
0.004451817681
0.004459454691
0.004467092514
0.004474731003
0.004482433675
0.004490200398
0.00449796737
0.004505798117
0.004513692498
0.004521523047
0.004529480612
0.00453743773
0.004545394266
0.004553413733
0.004561495983
0.004569577236
0.004577720983
0.004585863463
0.004594068148
0.004602271297
0.004610536361
0.004618863181
0.004627188053
0.004635574386
0.004643958508
0.004652403796
0.004660910084
0.004669413752
0.004677914691
0.004686476205
0.004695098123
0.004703780272
0.00471245914
0.004721134628
0.004729933208
0.004738728106
0.004747519226
0.004756369676
0.004765279278
0.004774184708
0.004783148988
0.004792171937
0.004801190323
0.004810267076
0.004819339029
0.004828469049
0.004837656949
0.004846839667
0.004856079966
0.004865377657
0.004874669788
0.004884019011
0.004893425137
0.004902825328
0.004912282122
0.004921732763
0.004931302232
0.004940865249
0.004950421747
0.004960096457
0.004969764351
0.004979425369
0.004989203976
0.00499897541
0.005008739615
0.005018620782
0.005028494426
0.005038422521
0.005048342895
0.005058317428
0.005068345925
0.005078428192
0.005088502253
0.005098629793
0.005108810617
0.005118982904
0.005129269759
0.005139547791
0.005149816963
0.005160200062
0.005170574017
0.005181000098
0.005191478108
0.00520194666
0.005212466862
0.005223038518
0.005233661433
0.005244274445
0.005254999349
0.005265714074
0.005276418601
0.005287234376
0.005298039681
0.005308895114
0.005319800481
0.005330755588
0.005341760241
0.005352753873
0.005363796787
0.005374888789
0.005386029689
0.005397159164
0.005408337277
0.005419623839
0.00543089859
0.005442161529
0.005453532283
0.005464950722
0.005476356969
0.00548781065
0.005499311577
0.005510859562
0.005522454417
0.005534036592
0.005545724692
0.00555739987
0.005569121303
0.005580888807
0.005592702198
0.005604561291
0.005616465902
0.005628357016
0.005640352183
0.005652333623
0.005664359988
0.005676431096
0.00568854677
0.005700706829
0.005712911094
0.005725159388
0.005737451532
0.005749729198
0.005762108583
0.00577453129
0.005786939199
0.005799390219
0.005811941985
0.00582447864
0.005837057889
0.005849737159
0.005862401013
0.005875106949
0.005887854799
0.005900644395
0.005913475568
0.005926348152
0.005939261981
0.005952216889
0.005965212713
0.005978306182
0.005991383275
0.006004500796
0.006017658582
0.006030856472
0.006044094309
0.006057371932
0.006070745577
0.00608410223
0.006097498198
0.006110933326
0.006124463566
0.006137976481
0.006151584057
0.006165174146
0.006178858451
0.006192580858
0.006206341217
0.006220139382
0.006233975204
0.006247848537
0.006261759235
0.006275707154
0.006289747389
0.006303769246
0.006317882991
0.006331978219
0.006346164908
0.006360387825
0.006374701637
0.006388996523
0.006403327224
0.006417748194
0.006432204566
0.006446696206
0.006461222981
0.00647578476
0.00649043564
0.006505066965
0.006519786989
0.006534541355
0.00654932994
0.00656420648
0.006579116844
0.006594007187
0.006609038547
0.006624049643
0.006639147577
0.006654225152
0.006669389183
0.006684639337
0.006699868851
0.006715184112
0.00673053172
0.006745964558
0.006761376447
0.0067768732
0.006792401708
0.006808014574
0.006823658835
0.006839334385
0.006855041117
0.00687083135
0.006886652415
0.006902504207
0.006918438836
0.006934403847
0.006950451209
0.006966476618
0.006982635963
0.006998773163
0.007014991898
0.007031240152
0.00704756947
0.007063927979
0.007080315589
0.007096783636
0.007113280465
0.007129857272
0.007146462545
0.007163147344
0.007179809222
0.007196601323
0.007213421273
0.007230268991
0.007247195193
0.007264148864
0.007281129928
0.007298239478
0.007315325473
0.00733248894
0.007349729598
0.007366996858
0.007384340888
0.007401711241
0.007419107848
0.007436630703
0.007454129441
0.007471703988
0.007489354074
0.007507079429
0.007524830099
0.007542606022
0.00756045669
0.007578381839
0.007596331792
0.007614355839
0.007632404442
0.007650526759
0.007668722533
0.007686942432
0.007705235415
0.007723601229
0.007741990751
0.00776045274
0.007778986947
0.007797544455
0.007816173824
0.007834826273
0.007853598706
0.00787239387
0.007891211723
0.00791014878
0.007929108186
0.007948138049
0.007967190058
0.007986360205
0.008005552167
0.008024813797
0.008044097049
0.008063497398
0.008082919051
0.008102409603
0.008121968833
0.008141549029
0.008161245024
0.00818096168
0.008200746275
0.008220598596
0.008240518431
0.008260458463
0.008280512762
0.008300586969
0.008320727986
0.008340935609
0.008361209636
0.008381549864
0.008401956096
0.008422428132
0.008442965776
0.008463522357
0.008484190698
0.008504877715
0.008525675984
0.008546492674
0.008567420117
0.008588365732
0.008609421605
0.008630495407
0.008651678981
0.008672880244
0.008694190799
0.008715518812
0.008736955643
0.008758455321
0.008779972117
0.008801597033
0.008823284285
0.008845033705
0.008866845127
0.008888718386
0.008910698517
0.008932694905
0.008954797724
0.00897696162
0.008999186436
0.009021472018
0.00904381821
0.009066269646
0.009088781273
0.009111352943
0.009133984508
0.009156675822
0.009179471235
0.009202325993
0.009225239957
0.009248212986
0.009271289204
0.009294424098
0.009317617532
0.009340913466
0.009364267559
0.009387679683
0.009411193631
0.009434765239
0.009458394382
0.00948212469
0.009505912172
0.009529756709
0.009553701766
0.00957774706
0.009601805353
0.00962596354
0.009650221342
0.009674535169
0.009698948168
0.009723416864
0.009747941147
0.009772564007
0.009797285177
0.009822061404
0.009846892586
0.009871864384
0.009896847897
0.009921971509
0.009947106644
0.009972381368
0.009997710042
0.01002309258
0.0100486139
0.01007418869
0.01009981687
0.01012554069
0.01015135993
0.01017727435
0.0102032415
0.01022930346
0.01025546
0.01028166883
0.01030801388
0.01033436894
0.01036085976
0.01038744412
0.01041408002
0.01044080913
0.01046763123
0.0104945461
0.01052151195
0.0105486118
0.01057576229
0.01060300483
0.01063033919
0.01065776518
0.0106852826
0.01071289125
0.01074059093
0.01076834029
0.01079622149
0.01082419314
0.01085221404
0.01088036607
0.01090860798
0.01093689874
0.01096531992
0.01099383044
0.01102243011
0.01105111878
0.01107989625
0.01110876235
0.01113775745
0.01116680028
0.01119597166
0.01122523091
0.01125457788
0.01128401238
0.01131353427
0.0113431836
0.01137291991
0.01140274304
0.01143265284
0.01146268919
0.01149281183
0.0115230206
0.01155335526
0.01158377568
0.01161432151
0.01164491298
0.01167562951
0.01170647082
0.01173739703
0.011768408
0.01179954315
0.01183076271
0.01186210602
0.01189353341
0.01192508412
0.01195671858
0.01198847595
0.01202031675
0.01205228006
0.01208436564
0.01211653413
0.0121488245
0.01218119748
0.01221369196
0.0122463077
0.01227900557
0.01231182434
0.01234476378
0.01237782366
0.01241096504
0.01244422652
0.01247760787
0.01251110889
0.0125446908
0.01257839203
0.01261221239
0.01264615168
0.01268020968
0.0127143862
0.01274868105
0.01278305573
0.01281758668
0.01285219716
0.01288696345
0.01292180897
0.01295680986
0.01299188969
0.01302712445
0.01306247586
0.01309794373
0.01313352791
0.0131692282
0.01320504446
0.0132409765
0.01327706194
0.01331322502
0.0133495411
0.01338597225
0.01342255591
0.01345925426
0.01349606714
0.01353299439
0.01357007334
0.01360726629
0.01364457311
0.01368203101
0.01371960242
0.01375732449
0.01379515972
0.01383310798
0.01387120632
0.0139094545
0.01394781518
0.01398628823
0.01402491056
0.01406368196
0.01410256522
0.01414159716
0.01418077758
0.01422006936
0.01425950926
0.01429909704
0.01433879573
0.0143786787
0.01441863553
0.01445877623
0.01449906386
0.01453946162
0.01458000598
0.01462069676
0.01466153375
0.01470251678
0.01474364564
0.01478492017
0.01482634018
0.01486790548
0.0149096159
0.01495147126
0.0149934714
0.01503561614
0.01507790531
0.01512033875
0.01516295241
0.01520567386
0.01524857515
0.01529162
0.01533484426
0.01537817574
0.01542168626
0.01546537559
0.01550917172
0.01555314631
0.01559729911
0.01564159412
0.01568603118
0.01573064591
0.01577540237
0.01582033611
0.01586541126
0.01591066331
0.01595605647
0.01600162618
0.01604737221
0.01609325887
0.01613932152
0.01618555995
0.01623197397
0.01627852799
0.01632525727
0.01637216161
0.01641920554
0.01646645948
0.01651385269
0.01656145551
0.01660919728
0.01665711309
0.0167052379
0.01675350123
0.01680193808
0.01685058334
0.01689936671
0.01694835811
0.01699752232
0.0170468592
0.01709636858
0.01714605032
0.01719593913
0.01724599995
0.01729623263
0.01734667182
0.01739728253
0.01744806463
0.0174990527
0.01755024653
0.01760157657
0.0176531467
0.01770488741
0.01775679857
0.01780891464
0.0178612354
0.01791372616
0.01796642129
0.0180193206
0.01807242392
0.01812569663
0.01817917303
0.01823285294
0.01828673618
0.01834082259
0.01839507769
0.01844956994
0.0185042306
0.01855912804
0.01861422782
0.0186694956
0.01872499961
0.0187807055
0.01883664724
0.01889275641
0.01894910108
0.019005647
0.01906239402
0.01911934201
0.01917652481
0.01923394222
0.01929152616
0.01934937833
0.01940739678
0.01946568308
0.01952416926
0.0195828552
0.0196417746
0.01970092728
0.01976027929
0.01981986427
0.01987968205
0.01993973246
0.02000001533
0.02006049683
0.02012124416
0.02018218983
0.02024336737
0.02030477661
0.02036645097
0.02042832315
0.0204904601
0.02055279463
0.02061539361
0.02067822338
0.02074131724
0.02080464159
0.02086819628
0.02093198118
0.02099602953
0.02106030781
0.02112484922
0.02118962026
0.02125465412
0.02131991734
0.02138544307
0.02145123113
0.02151724815
0.02158352721
0.02165006817
0.02171687084
0.02178390195
0.02185122764
0.02191878149
0.02198662959
0.02205470559
0.02212307551
0.02219167309
0.02226056428
0.02232971589
0.02239912778
0.02246883279
0.02253876485
0.02260898974
0.02267950728
0.0227502844
0.022821321
0.02289264981
0.02296423782
0.02303611775
0.02310828944
0.02318071994
0.02325344192
0.02332645523
0.02339972697
0.02347332251
0.02354717622
0.02362132071
0.02369578852
0.02377051413
0.02384553012
