44013.38061
30947.24553
25220.53479
21820.90272
19506.08016
17799.75767
16474.89109
15407.7041
14524.21583
13777.1299
13134.61177
12080.15192
11244.68913
10561.59775
9989.562973
9282.741367
8707.439219
8227.35274
7695.590164
7156.407189
6716.68912
6282.673076
5869.086872
5527.717245
5165.38043
4835.933518
4513.0841
4227.225377
3956.487775
3704.741425
3473.307647
3243.790325
3039.54602
2844.950507
2663.32634
2491.883721
2329.501114
2181.385117
2040.171233
1908.399452
1785.568628
1671.298006
1564.218316
1463.662474
1369.322415
1281.04073
1198.692202
1121.379329
1049.302176
981.9603606
918.6569108
859.5888504
804.3671699
752.5470189
704.104022
658.837925
616.4335858
576.7809771
539.7185626
504.9738244
472.5255891
442.1529159
413.74181
387.1800794
362.3529414
339.1464224
317.4949343
297.2942629
278.4889585
261.0200982
244.855361
229.971238
216.3859246
204.1416751
193.3251677
184.0708854
176.5759007
171.100489
167.9643442
167.5363976
170.2058785
176.3511635
186.3140512
200.3949655
218.8670248
242.0074839
270.1359389
303.6425702
343.0169861
388.8590962
441.9017223
503.0168864
