43737.70562
30931.46682
25250.97811
21882.67326
19579.48829
17877.68617
16553.65343
15485.34109
14604.69062
13860.56142
13216.49451
12157.77945
11317.2042
10630.83865
10051.63303
9339.085195
8759.87148
8277.116467
7742.226574
7203.170394
6762.927989
6326.645477
5912.410925
5574.503981
5212.306888
4877.773821
4549.15927
4256.823395
3972.316567
3707.014549
3467.034207
3237.370328
3036.305005
2848.295536
2671.518049
2505.463735
2340.900981
2187.194937
2037.677181
1897.419841
1767.484079
1650.298686
1543.37106
1443.034839
1353.67513
1274.086934
1196.340208
1120.228553
1048.321198
980.3144284
912.2410339
854.4836829
800.9450351
752.8450431
710.6434005
669.6527368
625.7897069
584.4290439
544.111283
505.8160397
472.7109145
446.8868214
426.5574807
407.1195467
385.4597816
358.4871431
329.6780237
299.3022367
269.697291
248.0612235
236.1094967
230.823927
224.0212797
222.102189
222.1694026
217.3271183
208.6817352
203.3032946
194.6180057
183.2700247
172.1586429
162.6299835
155.8437575
159.5595201
167.886701
180.2715911
200.4269769
223.3102458
235.9951513
245.8002378
252.8079218
255.5641854
