0.2942295577
0.1977588162
0.1585714823
0.1360563179
0.1210066004
0.1100448895
0.1016047905
0.09484836258
0.08928169203
0.08459237838
0.08057192858
0.07399755756
0.06880830882
0.06457760454
0.06104266362
0.05668425303
0.05314413084
0.05019468281
0.04693258099
0.04362989856
0.04093999798
0.03828796938
0.03576346154
0.03368169492
0.03147396098
0.0294683264
0.02750445512
0.02576696205
0.02412262347
0.02259479448
0.02119132116
0.01980060531
0.01856410047
0.01738709036
0.01628964301
0.0152548702
0.0142760115
0.01338440841
0.01253570456
0.0117451984
0.01100987643
0.01032745112
0.009689757096
0.00909286948
0.008535024908
0.008015361403
0.007533203868
0.00708338814
0.006667184852
0.006281806356
0.005923433936
0.005593374596
0.005289638729
0.005010038131
0.004754737863
0.004522975783
0.004313487527
0.004126121497
0.003960504257
0.0038158652
0.00369255963
0.003590156403
0.00350868725
0.003448179113
0.003408641962
0.003390093694
0.003392564681
0.003416047232
0.003460515159
0.003525949751
0.003612311973
0.003719660001
0.00384800958
0.003997502741
0.004168343606
0.004360891642
0.004575570338
0.004812919284
0.005073697982
0.00535874335
0.005669012654
0.006005665802
0.006369969069
0.006763386187
0.007187502203
0.007644049857
0.00813495925
0.008662297703
0.00922835381
0.009835537372
0.01048650827
0.01118409007
