1021531.412
722276.2247
589605.9506
510457.1134
456359.0861
416387.8797
385399.8289
360488.3617
339684.444
322047.7569
306884.906
281985.3838
262355.9497
246390.6805
233090.0104
216709.9423
203323.4047
192206.4865
179857.6216
167381.8548
157215.5345
147146.1353
137605.1248
129713.8587
121343.7657
113686.0739
106151.5675
99446.90131
93028.83607
87023.73595
81617.38456
76514.5469
71964.38925
67676.30647
63711.41514
59788.55305
55887.97685
52317.41201
48854.16605
45600.1983
42609.67723
39838.77486
37230.61044
34786.60486
32425.71966
30311.96165
28306.75319
26460.06387
24762.95086
23187.28794
21579.76364
20215.88596
19005.3895
17818.55905
16696.32146
15639.06052
14569.86286
13571.85825
12597.95921
11636.78788
10838.28948
10096.46608
9348.868902
8586.367175
7954.156934
7423.059575
6872.261461
6371.475603
5962.070667
5501.881675
5088.781355
4860.149824
4827.926268
4733.566492
4713.247824
4743.861452
4739.494404
4752.913095
4836.378497
4911.868606
5028.85167
5217.920293
5309.348933
5502.606035
5829.913871
6212.734876
6562.562261
6829.803793
7190.382273
7825.190949
8859.501125
9975.731961
