1047855.445
728699.4543
591610.0582
510883.5939
456159.7688
415934.4906
384762.4418
359689.0019
338954.2038
321435.793
306379.9253
281691.1038
262146.2797
246176.1061
232808.9061
216299.7834
202868.4789
191663.9559
179257.2089
166681.18
156427.7754
146309.5408
136669.5016
128714.0356
120271.1624
112595.689
105074.812
98416.33183
92110.62415
86247.69587
80858.19314
75513.64534
70757.86321
66226.96459
61998.26585
58006.77337
54226.34686
50778.17194
47490.779
44423.28401
41564.0079
38904.07777
36411.61501
34071.0908
31875.3367
29820.69381
27904.25494
26105.14444
24428.03295
22861.29567
21388.74307
20014.99008
18731.02619
17526.55644
16401.07332
15349.99267
14366.08174
13446.891
12588.79713
11785.641
11037.11137
10338.3204
9686.898414
9080.567863
8517.051436
7994.161223
7510.869067
7065.349799
6656.928127
6284.893117
5949.116038
5649.610728
5387.109945
5162.554751
4977.307571
4832.987834
4731.487746
4674.779661
4664.801472
4703.410303
4792.302859
4933.079029
5127.335325
5376.880571
5683.914129
6051.258614
6482.619284
6982.737033
7557.648017
8214.758975
8963.148479
9813.655405
