4.137128121
2.910309531
2.372194954
2.052656155
1.83505141
1.674637125
1.550079411
1.449745725
1.366682436
1.296443639
1.23603664
1.136902945
1.058361426
0.9941476605
0.9403768864
0.8739414881
0.8198733426
0.7747586114
0.7247942346
0.6741414133
0.6328409986
0.5920854257
0.5532590971
0.5212222427
0.4872300896
0.4563374322
0.4260798838
0.3993064388
0.3739684189
0.3504291683
0.3288125253
0.3074033138
0.2883823352
0.2702950187
0.2534535803
0.2376028925
0.2226448423
0.2090625876
0.1961858028
0.1842548292
0.1732316653
0.1630902565
0.1537195576
0.1450755887
0.1371491819
0.1299462492
0.1234763184
0.1176923007
0.1126344751
0.1082919133
0.1046495599
0.1017478166
0.09959068318
0.09818546361
0.09755180631
0.09769716222
0.09862848273
0.1003489589
0.1028581908
0.1061671276
0.1102676528
0.1151757652
0.1209036096
0.1274707038
0.1349083371
0.1432631671
0.1525803278
0.1629386896
0.1744177045
0.1871235802
0.2011765488
0.2167309067
0.2339528452
0.2530468863
0.2742477019
0.2978348503
0.3241255212
0.3534861752
0.386351772
0.4232159974
0.4646450358
0.5112987162
0.5639294673
0.6234083345
0.6907292379
0.7670292031
0.8536159781
0.9519799179
1.063834135
1.191123746
1.336083591
1.5012576
