44147.59963
30983.51047
25234.07252
21825.66254
19506.60671
17797.97544
16471.75147
15403.7282
14519.71054
13772.28597
13129.55267
12074.88402
11239.37576
10556.32116
9984.365719
9277.700206
8702.570257
8222.657126
7691.116856
7152.190726
6712.704927
6278.93789
5865.607133
5524.461803
5162.37667
4833.171216
4510.570765
4224.94346
3954.435451
3702.912701
3471.694183
3242.400853
3038.366076
2843.980667
2662.563481
2491.327707
2329.153319
2181.239809
2040.232462
1908.667792
1786.045225
1671.984368
1565.118321
1464.781456
1370.666585
1282.616817
1200.50724
1123.443075
1051.623868
984.5509751
921.5305466
862.7590628
807.849569
756.360186
708.2672202
663.3721822
621.3630219
582.1313596
545.5178561
511.2540136
479.319584
449.497517
421.6762624
395.745859
371.5934787
349.106525
328.2180549
308.8217387
290.8550888
274.2473795
258.9460912
244.8967517
232.0696992
220.4378104
209.9889958
200.7218494
192.6530597
185.8148234
180.254135
176.0382045
173.25238
171.9992155
172.3986661
174.5865253
178.713459
184.9445262
193.4612801
204.46427
218.1798417
234.8647808
254.8174093
278.3840805
