1128715.783
761624.9138
611608.2588
525171.1082
467297.3109
425096.883
392578.127
366530.6019
345059.6444
326965.7349
311447.7093
286062.5115
266017.369
249669.6474
236006.8129
219156.7136
205466.5321
194058.0098
181437.3321
168656.5034
158244.5348
147976.7662
138200.2768
130136.3578
121582.2439
113808.8805
106194.8907
99456.14943
93076.20115
87145.69697
81695.23731
76291.27754
71483.44811
66903.64274
62629.86716
58596.30561
54776.44502
51292.63655
47971.55933
44872.88013
41984.74742
39298.15365
36780.86444
34417.16811
32199.80146
30125.0484
28189.9537
26373.42122
24680.15071
23098.3891
21611.77613
20224.95432
18928.809
17712.92712
16576.77265
15515.69001
14522.34411
13594.22135
12727.61417
11916.24138
11159.71383
10452.99986
9793.588105
9179.031412
8606.84601
8074.591125
7580.94963
7123.722067
6701.799563
6313.937175
5959.375782
5637.367796
5347.781099
5090.557889
4865.957557
4674.398524
4516.531852
4393.076312
4304.69757
4251.994492
4235.360181
4254.91948
4310.518836
4401.755227
4528.030771
4688.640037
4882.886303
5110.151529
5370.003615
5662.204303
5986.799152
6344.091164
