1063996.309
736393.0092
596854.1932
514971.7972
459572.0312
418900.4306
387409.7388
362096.1242
341172.9478
323502.2318
308320.2501
283433.6849
263739.8307
247652.4976
234190.2453
217567.3056
204046.1573
192768.4712
180282.5067
167628.0036
157311.9054
147132.8811
137435.8759
129434.0698
120942.6587
113223.6173
105660.5557
98965.14287
92624.82022
86730.02866
81311.51788
75938.48478
71157.60655
66603.03761
62352.47918
58340.58289
54541.06444
51075.70163
47772.1541
44689.82219
41816.95682
39144.62868
36640.79815
34289.85646
32084.59387
30021.32358
28097.10986
26290.97489
24607.58673
23035.25014
21557.6892
20179.49929
18891.5958
17683.5996
16554.93727
15500.93217
14514.23462
13592.26983
12731.25958
11924.84609
11172.50011
10469.04509
9811.769516
9197.978141
8624.880569
8089.655736
7590.527486
7124.728873
6690.477159
6285.714338
5908.727388
5557.63357
5231.017761
4927.352197
4645.275207
4383.437381
4140.660912
3915.835402
3707.840534
3515.686644
3338.447672
3175.21361
3025.14649
2887.432588
2761.313169
2646.066933
2540.997095
2445.446453
2358.780229
2280.403874
2209.744259
2146.264101
