4.102124271
2.898821296
2.367491009
2.051613996
1.836339681
1.676772517
1.552840264
1.452398781
1.369154422
1.298521672
1.237783919
1.137638549
1.0587808
0.994410652
0.9403169407
0.8737673545
0.8198450807
0.7749546266
0.7249019354
0.6743070445
0.6329749506
0.5920925222
0.5530852352
0.5211455262
0.4875721716
0.4568588722
0.4263239336
0.3986477213
0.3719388759
0.3469078246
0.3239850492
0.3017821572
0.2826544169
0.2646124209
0.2478518123
0.2328553022
0.2184836229
0.2049630505
0.1925863348
0.1814625459
0.170286651
0.1603075087
0.1513192889
0.143082714
0.1351584269
0.1282087021
0.1219645936
0.116278069
0.1112168437
0.1071646713
0.1043075753
0.102307127
0.1013553428
0.1012998813
0.1023355829
0.1041833037
0.1071234726
0.1111701712
0.1163379455
0.1224307958
0.1294414545
0.1377703065
0.1472497725
0.157914942
0.169751228
0.1827441895
0.1970534386
0.2128497847
0.2300082377
0.2490463734
0.2703484136
0.2937326614
0.3190513037
0.3461100208
0.3748472624
0.4059436372
0.44059771
0.4800122827
0.5248886488
0.5741714324
0.6264725421
0.6797174729
0.7316306528
0.7789216191
0.8229445975
0.8644699138
0.9091003019
0.9602182362
1.015905771
1.081437611
1.130484047
1.152644869
