0.06476344403
0.04358038257
0.03496008951
0.03000304044
0.02668793267
0.02427249537
0.02241224298
0.02092280374
0.01969546206
0.0186614355
0.01777480865
0.01632479208
0.01518012034
0.01424679033
0.01346688301
0.0125052074
0.01172401211
0.0110731076
0.01035314536
0.009624158452
0.009030372334
0.008444891335
0.007887505281
0.007427823779
0.006940271779
0.006497293441
0.006063476154
0.00567960349
0.005316247404
0.004978569288
0.004668306789
0.004360785194
0.004087282819
0.003826854022
0.003583937278
0.003354793568
0.003137922234
0.002940269027
0.002752001685
0.002576509981
0.002413125352
0.002261340657
0.00211933963
0.001986245471
0.001861661295
0.001745391407
0.001637283092
0.00153617526
0.001442350124
0.001355177683
0.001273788403
0.001198473516
0.001128776343
0.001064188715
0.00100474283
0.0009502591683
0.0009004381532
0.0008552425914
0.0008145862371
0.0007782843105
0.000746435172
0.0007189431485
0.0006958334633
0.0006771352957
0.0006628755672
0.0006530811154
0.0006477882988
0.0006470057672
0.0006507378233
0.0006589728738
0.0006716845323
0.0006888497916
0.0007104309013
0.0007364048524
0.0007667569628
0.0008015002712
0.0008406617302
0.0008842930297
0.0009324909658
0.0009853718395
0.001043079332
0.001105799675
0.001173743418
0.001247161935
0.001326332738
0.001411563899
0.001503202867
0.001601624816
0.001707247961
0.001820514553
0.001941914649
0.002071969748
