0.06139942247
0.04250908616
0.03445848696
0.02973327048
0.02653591215
0.0241884095
0.02237073029
0.02090955395
0.01970178157
0.01868174062
0.01780535405
0.01636875745
0.0152319139
0.0143032655
0.01352615932
0.01256661968
0.01178614696
0.01113519063
0.01041451718
0.00968415147
0.009088782846
0.008501363108
0.007941804095
0.007480105425
0.006990205843
0.006544920783
0.006108695212
0.005722576977
0.005357003404
0.00501719021
0.00470490761
0.004395332897
0.004119965362
0.003857729063
0.003613100834
0.003382321748
0.003163885028
0.00296479075
0.002775137868
0.002598342451
0.002433731782
0.002280794849
0.002137700512
0.002003562935
0.001877978688
0.001760745959
0.001651705171
0.001549677934
0.001454940077
0.001366845056
0.001284500472
0.001208184735
0.001137416812
0.001071657726
0.0010109132
0.000954969882
0.0009034849254
0.0008563795142
0.0008135202026
0.0007746624327
0.0007398589172
0.0007089521113
0.0006819147652
0.0006587289103
0.0006393813444
0.0006238676031
0.0006122165227
0.0006044309617
0.0006005342035
0.000600539477
0.0006044572152
0.0006122978777
0.0006240652502
0.0006397685845
0.0006594216309
0.0006830564335
0.0007107167775
0.000742467719
0.0007784140909
0.0008186855678
0.0008634455654
0.0009129069654
0.0009673222926
0.001027001409
0.001092305112
0.001163654602
0.001241546044
0.001326549271
0.001419330909
0.001520649694
0.001631391341
0.001752570569
