0.2728471456
0.1912670856
0.1557144727
0.134656347
0.1203354312
0.1097873258
0.1016017492
0.095010873
0.08955620011
0.08494481982
0.08097968805
0.07752272577
0.07447391417
0.07175878846
0.06932061323
0.06711530012
0.06510799969
0.06327075251
0.06158083123
0.06001954553
0.05857136459
0.05722326198
0.05596421927
0.05478484483
0.05367707749
0.05263395364
0.05164942228
0.05071819678
0.04983563505
0.04899764193
0.04820058901
0.04744124841
0.04671673764
0.04602447352
0.04536213335
0.04472762211
0.04411904453
0.04353468122
0.04297296831
0.04243247974
0.04191191206
0.04141007121
0.04092586097
0.04045827292
0.04000637756
0.03956931658
0.03914629599
0.03873658003
0.03833948582
0.03795437856
0.03758066726
0.03721780093
0.03686526519
0.03652257915
0.0361892927
0.03586498401
0.03554925728
0.03524174072
0.03494208469
0.03464996007
0.0343650567
0.034087082
0.03381575974
0.03355082887
0.03329204243
0.03303916664
0.03279197998
0.03255027238
0.03231384446
0.03208250687
0.03185607963
0.03163439152
0.03141727959
0.03120458862
0.03099617066
0.03079188459
0.03059159575
0.03039517552
0.03020250103
0.03001345478
0.02982792437
0.02964580223
0.02946698532
0.02929137492
0.02911887639
0.02894939896
0.02878285551
0.0286191624
0.0284582393
0.02830000901
0.0281443973
0.02799133279
0.02784074677
0.02769257312
0.02754674815
0.02740321051
0.02726190106
0.02712276278
0.02698574068
0.02685078169
0.02671783459
0.02658684992
0.02645777992
0.02633057841
0.02620520079
0.02608160391
0.02595974604
0.02583958683
0.02572108719
0.0256042093
0.02548891655
0.02537517344
0.02526294561
0.02515219973
0.02504290349
0.02493502558
0.02482853561
0.02472340409
0.02461960242
0.0245171028
0.02441587829
0.02431590267
0.02421715049
0.02411959704
0.02402321828
0.02392799084
0.023833892
0.02374089967
0.02364899234
0.02355814911
0.02346834962
0.02337957405
0.02329180311
0.02320501801
0.02311920046
0.02303433262
0.02295039714
0.02286737706
0.02278525591
0.02270401758
0.02262364638
0.02254412703
0.02246544459
0.0223875845
0.02231053254
0.02223427487
0.02215879792
0.02208408849
0.02201013368
0.02193692087
0.02186443776
0.02179267233
0.02172161281
0.02165124772
0.02158156585
0.02151255621
0.02144420809
0.02137651099
0.02130945466
0.02124302906
0.02117722439
0.02111203103
0.02104743959
0.02098344089
0.02092002592
0.02085718587
0.02079491212
0.02073319622
0.02067202992
0.0206114051
0.02055131384
0.02049174836
0.02043270106
0.02037416448
0.0203161313
0.02025859436
0.02020154664
0.02014498126
0.02008889146
0.02003327063
0.01997811228
0.01992341004
0.01986915767
0.01981534905
0.01976197817
0.01970903914
0.01965652616
0.01960443358
0.01955275581
0.01950148738
0.01945062294
0.01940015721
0.01935008501
0.01930040127
0.019251101
0.01920217929
0.01915363134
0.01910545241
0.01905763787
0.01901018315
0.01896308377
0.01891633532
0.01886993347
0.01882387397
0.01877815264
0.01873276536
0.0186877081
0.01864297687
0.01859856778
0.01855447698
0.0185107007
0.01846723522
0.01842407688
0.0183812221
0.01833866733
0.0182964091
0.01825444398
0.01821276862
0.01817137969
0.01813027393
0.01808944815
0.01804889917
0.0180086239
0.01796861926
0.01792888226
0.01788940992
0.01785019933
0.0178112476
0.01777255192
0.01773410949
0.01769591756
0.01765797344
0.01762027446
0.017582818
0.01754560147
0.01750862233
0.01747187807
0.01743536621
0.01739908433
0.01736303003
0.01729159472
0.01725620908
0.01722104177
0.01718609055
0.01715135322
0.0171168276
0.01708251158
0.01704840302
0.01701449987
0.01698080006
0.01694730159
0.01691400245
0.01684799435
0.01681528154
0.01678276037
0.01675042897
0.01671828552
0.0166863282
0.01665455523
0.01662296485
0.0165603249
0.01652927194
0.01649839474
0.01646769167
0.0164371611
0.01640680141
0.01634658839
0.01631673194
0.01628704018
0.01625751157
0.01622814466
0.01616989002
0.01614099943
0.01611226476
0.01608368462
0.01602698246
0.01599885773
0.01597088212
0.01594305434
0.01588783705
0.01586044502
0.01583319571
0.01580608792
0.01575229197
0.01572560143
0.01569904762
0.01567262936
0.01562019496
0.01559417655
0.01556828921
0.01551690331
0.01549140261
0.01546602867
0.01541565689
0.015390657
0.01536577976
0.01531638926
0.01529187404
0.01526747755
0.01521903696
0.01519499099
0.01514724309
0.01512353934
0.01509994788
0.01505309828
0.01502983842
0.01498364428
0.01496070833
0.01493787869
0.0148925351
0.01487001953
0.01482529691
0.0148030883
0.01475897265
0.0147370641
0.01469354185
0.01467192669
0.01465040788
0.01460765645
0.01458642244
0.01454423438
0.01452327897
0.01448164203
0.01444036591
0.01441986153
0.01437911696
0.01435887553
0.01431865125
0.01429866719
0.01425895226
0.01423922019
0.01420000398
0.01418051867
0.01414179085
0.01410338305
0.01408429778
0.01404636183
0.01400873514
0.01399003645
0.01395286584
0.0139343929
0.01389766928
0.0138612387
0.01384313209
0.01380713387
0.01377141917
0.01375366699
0.01371837069
0.01368334881
0.01366593968
0.01363132285
0.01359697176
0.01356288303
0.01354593601
0.01351223464
0.01347878746
0.0134455913
0.01342908639
0.01339626096
0.01336367888
0.01333133716
0.01329923288
0.01328326888
0.01325151537
0.01321999219
0.01318869658
0.01315762582
0.01314217392
0.01311143546
0.01308091525
0.01305061075
0.01302051944
0.01299063883
0.0129609665
0.01293150003
0.01290223708
0.01288768119
0.01285871917
0.01282995492
0.01280138621
0.01277301086
0.01274482669
0.01271683158
0.01268902343
0.01266140019
0.01263395981
0.01260670031
0.01257961971
0.01255271607
0.01252598748
0.01249943206
0.01247304796
0.01244683335
0.01242078643
0.01239490543
0.01235639123
0.01233091745
0.01230560359
0.012280448
0.01225544903
0.01223060509
0.01220591457
0.01218137591
0.01214484931
0.01212068362
0.01209666449
0.01207279045
0.01204906005
0.01201373067
0.01199035318
0.01196711443
0.01194401305
0.0119210477
0.01188685186
0.01186422084
0.01184172131
0.01180821579
0.01178603947
0.0117639903
0.01174206707
0.01170941574
0.01168780218
0.01166631047
0.01163429888
0.01161310685
0.0115815396
0.01156064039
0.01153985644
0.01150889432
0.01148839395
0.0114578524
0.01143762925
0.01140749889
0.01138754681
0.01136770148
0.01133813157
0.011318549
0.01128936892
0.01127004341
0.01124124472
0.01121267093
0.01119374524
0.01116553986
0.01114685716
0.01111901238
0.01110056755
0.01107307581
0.01104579236
0.01102771782
0.01100077575
0.01097403513
0.01095631874
0.01092990837
0.01090369293
0.01088632308
0.01086042727
0.01083472014
0.01080919945
0.01079228812
0.0107670732
0.01074203886
0.01071718296
0.01070071046
0.01067614732
0.0106517571
0.01062753782
0.01060348748
0.01057960416
0.01056377378
0.01054016458
0.01051671736
0.01049343029
0.01047030158
0.01044732944
0.01042451214
0.01040184796
0.01037933519
0.01035697219
0.0103347573
0.01031268891
0.01029076543
0.0102689853
0.01024734697
0.01022584892
0.01020448966
0.0101832677
0.0101621816
0.01013427567
0.01011350103
0.01009285757
0.0100723439
0.0100519587
0.01003170063
0.01000488538
0.009984918912
0.009965075305
0.00994535331
0.009919244377
0.009899801407
0.009880476029
0.009861267072
0.009835834238
0.009816892471
0.009798063341
0.009773131144
0.009754560573
0.009729969219
0.009711651398
0.009693440163
0.009669322557
0.009651356083
0.009627561208
0.00960983411
0.0095863549
0.009568861959
0.00954569156
0.009528427716
0.009505559482
0.009482861008
0.00946594731
0.009443540955
0.009426844022
0.009404723637
0.00938276397
0.009366398537
0.009344715534
0.009323188054
0.009307143404
0.009285883702
0.00926477456
0.009243814228
0.009223000984
0.009207486557
0.009186926658
0.009166509253
0.009146232723
0.009126095473
0.009106095933
0.009086232558
0.00907142347
0.009051794739
0.009032298047
0.009012931938
0.008993694978
0.008974585753
0.008955602873
0.008936744968
0.008918010689
0.008894764666
0.008876303716
0.008857962146
0.008839738689
0.008821632099
0.008803641148
0.008785764624
0.008763578069
0.008745954673
0.008728441891
0.008711038586
0.008689436699
0.008672275641
0.008655220472
0.00863404879
0.008617227984
0.008600509644
0.008579754257
0.00856326275
0.008542787744
0.008526518054
0.008506317259
0.008490264525
0.008470331956
0.008454491462
0.008434821316
0.008419188493
0.008399775142
0.008380502084
0.008365183535
0.008346158848
0.008331036893
0.008312255363
0.008293606724
0.008275089439
0.00826036917
0.008242084529
0.00822392707
0.008205895348
0.00818798794
0.008170203447
0.008156063424
0.008138496719
0.008121049124
0.00810371932
0.008086506009
0.008069407913
0.008052423773
0.008035552349
0.00801879242
0.008002142783
0.00798230714
0.007965896003
0.007949591431
0.007933392295
0.007917297482
0.007901305897
0.007882250736
0.007866482474
0.007850814039
0.00783214224
0.007816689819
0.007801333981
0.007783033079
0.007767886278
0.007752832959
0.007734891051
0.007720040103
0.007702338374
0.007687685386
0.007670218622
0.007652877881
0.007638522463
0.007621408939
0.007607240842
0.00759034971
0.0075735779
0.007556924041
0.007543134954
0.007526693853
0.007510366938
0.007494152919
0.007478050529
0.00746471624
0.007448815273
0.007433022445
0.007417336564
0.007401756452
0.007386280951
0.007370908922
0.007355639241
0.007340470801
0.007322900794
0.007307947995
0.007293093044
0.007278334902
0.007263672545
0.00724668618
0.007232227919
0.0072178623
0.007203588362
0.007187050044
0.007172971511
0.00715665863
0.007142771188
0.007126678787
0.007112978253
0.007097101528
0.007083583846
0.007067918138
0.007054579375
0.007039120162
0.007023770315
0.007010699401
0.006995549358
0.006980505159
0.006965565609
0.006950729531
0.00693809437
0.006923447398
0.006908900637
0.006894452982
0.006880103342
0.006865850643
0.006851693828
0.006837631857
0.006823663705
0.006807813688
0.006794043195
0.006780363397
0.006766773333
0.006753272052
0.006737949534
0.006724635375
0.006711407108
0.006696393119
0.006683345918
0.006668536574
0.006655666467
0.006641057298
0.006628360432
0.006613947104
0.006601419746
0.006587198055
0.006573076894
0.006560802447
0.006546866719
0.006533028287
0.006519286062
0.00650563897
0.006492085954
0.006480303418
0.006466924002
0.006453635714
0.006440437559
0.006425696151
0.006412686292
0.006399763552
0.006386926996
0.006374175704
0.00636150877
0.006347358191
0.006334867566
0.006322458551
0.006308594895
0.006296356483
0.00628268264
0.006270611098
0.006257122932
0.00624521464
0.006231908141
0.006218696236
0.006207030865
0.006193994724
0.006181050124
0.00616819604
0.006156845361
0.006144159512
0.006131561307
0.006119049783
0.006106623989
0.006094282991
0.006082025868
0.006069851714
0.006056421098
0.006044419182
0.0060324975
0.0060206552
0.006007589169
0.00599591171
0.005984311061
0.005971510562
0.005960069449
0.005947444273
0.005936159232
0.005923705589
0.005911340742
0.005900287472
0.005888088589
0.00587597564
0.005863947666
0.005852003725
0.00584014289
0.005828364245
0.005816666893
0.005805049948
0.005793512536
0.005782053799
0.00577067289
0.005759368977
0.005748141238
0.005735877742
0.005724807351
0.005712715022
0.005701798522
0.00569095412
0.005679107656
0.005667346543
0.005656727873
0.005645127032
0.005633608774
0.005623208517
0.005611845368
0.005600562159
0.005589358008
0.005578232047
0.005567183423
0.005556211293
0.00554531483
0.005534493217
0.005522772244
0.005512104554
0.005501509268
0.005490032452
0.005479586093
0.005469209804
0.005457969271
0.005446810318
0.005436652157
0.005425647003
0.005414720782
0.005404773667
0.005393996285
0.005383295305
0.005372669888
0.005362119205
0.005351642441
0.005341238793
0.00533090747
0.005320647693
0.005309612784
0.005299499613
0.005289455659
0.005278651972
0.005268749883
0.005258098201
0.005248334896
0.005237831931
0.005228204422
0.005217846987
0.005207563999
0.005197354634
0.005187218083
0.005177153547
0.00516716024
0.005157237388
0.005147384229
0.005137600012
0.005127883999
0.00511749604
0.005107919365
0.005098408688
0.00508823943
0.005078145051
0.005068838012
0.005058885679
0.005049005797
0.005039895793
0.005030153381
0.005020481102
0.005010878189
0.005001343885
0.004991877445
0.004982478137
0.004973145238
0.004963218589
0.004954021002
0.004944237733
0.004935172499
0.004925529489
0.00491659374
0.004907087962
0.004898278917
0.004888907437
0.004879604298
0.004870368751
0.004861200057
0.004852097489
0.00484306033
0.004834087875
0.004824587793
0.004815746871
0.004806968557
0.004797673281
0.004789022264
0.004779861295
0.004770768513
0.004762305283
0.004753342467
0.004744445648
0.004735614102
0.004726847118
0.004718143996
0.004709504044
0.004700926584
0.004691880757
0.004683430082
0.004675039881
0.004666190838
0.004657923354
0.004649203286
0.004640548578
0.004631958509
0.004623932149
0.004615465539
0.004607061511
0.004598230587
0.00458995328
0.004581736514
0.004573579639
0.004565007521
0.004556971958
0.004548526888
0.004540610015
0.004532289261
0.004524031405
0.004515835755
0.004507701632
0.004499628367
0.004491615301
0.004483661785
0.00447576718
0.004467930856
0.004459721725
0.004452003265
0.004443917194
0.004435893285
0.004428348406
0.004420443592
0.004412598949
0.004404813823
0.00439708757
0.004389419553
0.004381410184
0.004373859757
0.004366365687
0.00435853742
0.004351157168
0.004343447416
0.004335797455
0.004328206629
0.004320674294
0.004313199815
0.004305782565
0.00429842193
0.004291117303
0.004283507068
0.004276315398
0.00426882248
0.004261741332
0.004254363214
0.004247042945
0.004239779895
0.004232573442
0.004225422974
0.00421832789
0.004211287596
0.004203970178
0.004197040259
0.004189837219
0.004182691744
0.004175924184
0.00416888941
0.004161910363
0.004154986441
0.004148117048
0.004140993079
0.004134233411
0.004127526518
0.004120570587
0.00411396991
0.004107123828
0.004100332985
0.004093596781
0.004086914623
0.004080285929
0.004073710125
0.004066904195
0.004060434724
0.004053738546
0.004047373118
0.004040784341
0.004034249522
0.004027768077
0.004021339428
0.004014963007
0.004008375837
0.004002104321
0.003995625241
0.003989456369
0.003983083059
0.003976762842
0.003970495141
0.00396427939
0.003958115028
0.003952001505
0.003945938278
0.003939685303
0.003933485558
0.003927573921
0.003921476906
0.003915431422
0.003909436912
0.003903492827
0.003897372917
0.00389152996
0.003885735812
0.003879769922
0.003873855542
0.003867992114
0.003862179086
0.003856415914
0.003850702063
0.003845037006
0.003839213116
0.003833645857
0.003827922295
0.003822248987
0.003816625386
0.003811050957
0.003805525171
0.003799852762
0.003794424402
0.003788851806
0.00378351878
0.003778043865
0.00377261785
0.003767240206
0.003761910415
0.003756446649
0.003751212641
0.003745846892
0.003740706614
0.003735436788
0.003730214955
0.003725040597
0.003719743095
0.003714663708
0.00370946328
0.003704476824
0.003699371393
0.003694313464
0.003689302522
0.003684338065
0.003679261693
0.003674390178
0.003669408711
0.003664628146
0.003659739559
0.003654897392
0.003650101147
0.003645202595
0.003640498122
0.003635693187
0.003630935013
0.003626365203
0.003621697655
0.003616936017
0.003612359886
0.003607828054
0.003603204731
0.003598627426
0.00359409564
0.003589608884
0.003585166671
0.003580768527
0.003576286561
0.003571850291
0.003567584057
0.003563236425
0.003558933035
0.003554552348
0.003550337254
0.003546046404
0.003541917711
0.003537714777
0.003533555705
0.003529326314
0.003525254743
0.00352111431
0.003517128359
0.003513074979
0.003509065012
0.003505097991
0.003501067971
0.003497186596
0.003493243587
0.003489343952
0.00348548722
0.003481672928
0.003477900622
0.00347407223
0.003470287112
0.003466640223
0.003462939166
0.003459186726
0.003455570065
0.003451903244
0.003448369159
0.003444786121
0.003441244821
0.003437744809
0.003434199683
0.00343078193
0.003427320207
0.003423900018
0.003420520915
0.003417101531
0.00341380425
0.003410467777
0.003407172578
0.003403918205
0.003400704218
0.00339753018
0.003394321512
0.003391153818
0.003388026651
0.003384939574
0.003381892152
0.003378814465
0.003375777405
0.003372780527
0.003369823395
0.00336690558
0.003363961677
0.0033611221
0.003358257347
0.003355431966
0.003352584047
0.003349836987
0.003347068259
0.003344338909
0.003341648508
0.003338996633
0.003336326468
0.003333751218
0.003331158493
0.00332855034
0.003326035005
0.003323557332
0.003321065393
0.003318611887
0.003316196393
0.003313769357
0.003311429427
0.003309078685
0.003306765855
0.003304444474
0.003302206984
0.003299961637
0.003297754061
0.003295583842
0.003293450573
0.003291312286
0.003289252433
0.003287188213
0.003285121393
0.00328313106
0.003281138746
0.003279183429
0.003277264699
0.003275382157
0.00327350024
0.003271655094
0.003269846311
0.003268073492
0.003266303803
0.003264602396
0.003262904666
0.003261212211
0.003259586177
0.003257965936
0.003256381531
0.003254832564
0.003253291442
0.003251812814
0.003250342517
0.00324890736
0.003247482262
0.003246092765
0.00324476193
0.003243418991
0.003242133936
0.003240861282
0.003239623485
0.003238420156
0.003237250914
0.003236096096
0.003234975767
0.003233889544
0.003232819495
0.003231783932
0.003230782467
0.003229814717
0.003228880309
0.003227964123
0.003227081633
0.003226218814
0.003225403123
0.003224607436
0.003223845019
0.003223104
0.00322240753
0.003221732767
0.003221080909
0.003220471953
0.00321988619
0.003219333172
0.003218804648
0.003218316512
0.003217853138
0.003217422037
0.003217016948
0.003216644379
0.00321630396
0.003215995324
0.003215714153
0.003215464995
0.003215247485
0.003215058719
0.003214901811
0.003214776398
0.003214682118
0.003214617913
0.003214585035
0.003214583324
0.00321461247
0.003214672959
0.003214764235
0.003214887902
0.003215042515
0.003215227717
0.003215446404
0.003215695824
0.003215975621
0.003216285445
0.003216629871
0.003217004452
0.003217414585
0.003217848836
0.003218325306
0.003218825193
0.003219361655
0.003219927786
0.003220523241
0.003221156199
0.003221818568
0.003222510003
0.003223239832
0.003223998803
0.003224796991
0.003225624382
0.00322648063
0.003227365395
0.00322829023
0.003229243632
0.00323023787
0.003231247752
0.003232311821
0.003233390859
0.003234511506
0.003235660111
0.003236851036
0.003238069935
0.003239316474
0.003240606028
0.003241923228
0.003243267743
0.003244655936
0.00324607144
0.003247531262
0.003249018381
0.003250532468
0.003252091482
0.003253677439
0.003255290015
0.003256948099
0.00325863277
0.003260363523
0.00326212082
0.003263904339
0.003265734471
0.003267590774
0.003269472931
0.003271402206
0.003273357277
0.003275359979
0.003277388412
0.00327946497
0.003281567184
0.003283694738
0.003285870856
0.003288072234
0.00329029856
0.003292573865
0.003294898634
0.003297223616
0.00329959797
0.003302022165
0.003304471026
0.003306970138
0.003309467666
0.003312041729
0.003314613598
0.003317262881
0.003319909361
0.003322606746
0.003325355456
0.003328100216
0.003330924257
0.003333772062
0.00333664333
0.003339537766
0.003342513075
0.003345482643
0.003348504401
0.003351578724
0.003354646197
0.003357796202
0.003360969098
0.003364164594
0.003367413152
0.003370684156
0.00337400849
0.00337735511
0.00338072373
0.003384177644
0.00338762181
0.003391119723
0.003394671699
0.00339824546
0.003401840725
0.003405490189
0.003409194149
0.003412919542
0.003416666088
0.003420467243
0.003424323287
0.003428166296
0.003432098295
0.003436051171
0.00344002465
0.003444053278
0.003448137314
0.003452241842
0.00345636659
0.003460546801
0.003464782719
0.003469038733
0.00347335059
0.00347768234
0.003482033717
0.003486440964
0.003490904303
0.003495387126
0.003499926153
0.003504521594
0.003509099068
0.003513770192
0.003518460428
0.003523169518
0.003527935103
0.003532757375
0.003537598327
0.003542496041
0.003547412219
0.003552385228
0.003557376482
0.003562424632
0.003567529846
0.003572653112
0.003577833493
0.0035830317
0.003588287069
0.003593599752
0.003598930055
0.003604277734
0.003609682648
0.00361514494
0.003620664749
0.003626201732
0.003631755649
0.00363740771
0.003643076719
0.003648762438
0.003654505714
0.00366030667
0.003666124106
0.003671999221
0.003677932127
0.003683881276
0.003689888207
0.003695911145
0.003701991853
0.003708130432
0.003714284773
0.003720496964
0.0037267671
0.003733052749
0.003739396313
0.003745797881
0.003752214706
0.003758689499
0.003765179311
0.003771770179
0.003778376025
0.00378499663
0.003791718612
0.003798455305
0.003805206496
0.003812059362
0.003818926672
0.003825808213
0.003832791709
0.003839789378
0.003846845152
0.003853914858
0.003861042605
0.003868228445
0.003875472428
0.003882730034
0.003890045711
0.003897419504
0.003904806643
0.003912296711
0.003919800048
0.003927316453
0.00393493598
0.003942568494
0.003950259075
0.003958007756
0.00396576914
0.003973588535
0.003981465968
0.003989401465
0.003997349338
0.004005400964
0.004013464869
0.004021540867
0.004029720749
0.004037912624
0.004046162432
0.004054470186
0.004062835902
0.004071259591
0.004079694884
0.004088188044
0.004096739081
0.004105348002
0.004113968188
0.00412264615
0.004131428637
0.004140222222
0.004149026731
0.004157935832
0.00416690272
0.004175880362
0.004184915676
0.004194008659
0.004203159307
0.004212367615
0.004221586275
0.004230909831
0.00424024362
0.004249634935
0.004259083767
0.004268590107
0.004278153942
0.00428777526
0.004297406346
0.004307142541
0.004316888381
0.004326691551
0.004336552038
0.004346469823
0.00435644489
0.00436647722
0.004376566794
0.004386713592
0.00439686944
0.004407130581
0.004417448881
0.00442777604
0.004438160229
0.004448649786
0.004459148008
0.00446970319
0.004480363782
0.004491032845
0.00450175879
0.004512541589
0.004523381216
0.004534277641
0.004545230838
0.004556240775
0.004567307424
0.004578430755
0.004589659574
0.004600896209
0.004612189431
0.004623539209
0.004634945511
0.004646408303
0.004657927552
0.004669552291
0.004681184385
0.004692872835
0.004704617606
0.004716467848
0.004728325186
0.004740287982
0.004752257743
0.004764332948
0.004776464316
0.004788651809
0.00480089539
0.00481319502
0.004825550663
0.00483796228
0.004850429832
0.004863002793
0.004875582126
0.00488826684
0.004900957797
0.004913754105
0.004926606164
0.004939563588
0.004952527049
0.004965546139
0.004978670542
0.004991850539
0.005005086087
0.005018377146
0.005031723674
0.005045175463
0.005058632828
0.005072195412
0.005085813341
0.005099486573
0.005113264999
0.005127098682
0.005140937612
0.005154931655
0.005168930859
0.005183035177
0.005197144536
0.00521135896
0.005225678459
0.005240002854
0.005254432273
0.005268916597
0.005283505926
0.005298099947
0.00531279892
0.00532755266
0.005342411328
0.005357324709
0.005372292758
0.005387315433
0.005402442956
0.00541762505
0.00543286167
0.005448203082
0.005463598964
0.005479099608
0.005494604316
0.005510264086
0.005525927836
0.005541696255
0.005557518942
0.005573446264
0.005589427793
0.005605463488
0.00562160375
0.005637798118
0.005654097016
0.005670449957
0.00568690739
0.005703368306
0.005719984161
0.005736653936
0.005753377591
0.005770205624
0.005787087473
0.005804023099
0.005821113598
0.005838207252
0.005855405167
0.00587270733
0.005890063123
0.005907523118
0.00592503668
0.00594260377
0.005960325623
0.005978050311
0.00599587908
0.006013811912
0.006031848793
0.006049939029
0.006068082581
0.006086330103
0.006104681577
0.006123086282
0.006141594891
0.006160156667
0.006178822299
0.006197591769
0.00621641432
0.00623534066
0.00625437077
0.006273453875
0.0062926407
0.006311931226
0.006331274661
0.006350721747
0.006370221682
0.006389876007
0.00640958313
0.006429343015
0.006449257237
0.006469224171
0.006489294596
0.006509417675
0.006529695017
0.006550024963
0.006570458308
0.006590944198
0.006611584277
0.00663227685
0.006653072732
0.006673971902
0.006694923482
0.006716029159
0.006737187198
0.006758448432
0.00677981284
0.0068012804
0.006822800216
0.006844474015
0.00686620002
0.006888029086
0.006909961191
0.006931996314
0.006954134434
0.006976375529
0.006998719577
0.007021166557
0.007043665544
0.007066318321
0.007089023057
0.007111881545
0.007134791944
0.007157856058
0.007180972036
0.007204241689
0.00722756316
0.007251038268
0.007274565147
0.007298245625
0.007321977828
0.00734586359
0.007369851964
0.007393891996
0.007418085529
0.007442381611
0.007466780221
0.007491281339
0.007515884944
0.007540641955
0.007565450473
0.007590412359
0.007615476653
0.007640643334
0.007665912381
0.007691283776
0.007716808444
0.007742435422
0.007768164688
0.007793996223
0.007819930007
0.007846016972
0.007872206149
0.007898497518
0.00792489106
0.007951437709
0.007978086494
0.008004837396
0.00803174135
0.008058747384
0.00808585548
0.008113116574
0.008140479693
0.008167944819
0.008195562889
0.008223282929
0.008251104923
0.008279079808
0.008307207567
0.00833538627
0.008363717811
0.008392202173
0.008420788383
0.00844952738
0.008478368191
0.008507310798
0.008536406141
0.008565654201
0.008595004008
0.008624455545
0.008654110703
0.008683816605
0.008713726094
0.008743686295
0.00877385005
0.008804115437
0.008834482441
0.008865052948
0.00889572504
0.008926498703
0.008957424869
0.008988503523
0.009019734649
0.009051067283
0.009082552358
0.009114189858
0.009145928821
0.009177871123
0.009209863915
0.009242060014
0.00927440846
0.009306858297
0.009339460452
0.00937221491
0.009405121655
0.009438129735
0.009471341012
0.009504653594
0.009538118407
0.009571735434
0.009605504662
0.009639426076
0.009673499661
0.009707725404
0.009742052361
0.009776582377
0.009811264509
0.009846047816
0.009881034138
0.009916172535
0.009951412069
0.009986854575
0.01002244912
0.01005819568
0.01009409425
0.01013014481
0.01016634736
0.01020275279
0.01023925927
0.0102759686
0.01031282987
0.01034984305
0.01038700814
0.01042432512
0.01046184489
0.01049951654
0.01053734004
0.01057531538
0.01061349347
0.01065182337
0.01069030509
0.0107289895
0.0107678257
0.01080686458
0.01084600432
0.01088534671
0.01092489173
0.01096458849
0.01100443696
0.01104448803
0.0110846908
0.01112509614
0.01116565316
0.01120641274
0.01124732396
0.01128843771
0.0113297031
0.01137117099
0.01141284137
0.01145466336
0.01149668782
0.01153886385
0.01158124234
0.01162382326
0.01166655574
0.01170949063
0.01175262793
0.01179596762
0.01183945883
0.0118831524
0.01192704834
0.01197114663
0.0120153964
0.0120598485
0.01210450292
0.01214935965
0.01219441868
0.01223968
0.01228514361
0.01233075863
0.01237662676
0.01242264629
0.01246891892
0.01251534293
0.01256202001
0.01260884846
0.01265592996
0.01270321366
0.01275069954
0.0127983876
0.01284627782
0.01289437021
0.01294266475
0.01299121227
0.01303991109
0.01308886287
0.01313801676
0.01318742359
0.01323703253
0.01328684355
0.01333685666
0.01338712268
0.01343759076
0.0134882609
0.01353918391
0.01359030897
0.01364168689
0.01369326684
0.0137450488
0.0137970836
0.01384937123
0.01390186085
0.01395455246
0.01400749687
0.01406069407
0.01411409324
0.01416774518
0.01422164989
0.01427575654
0.01433011595
0.01438472809
0.01443954217
0.01449465976
0.01454992848
0.01460550071
0.01466132563
0.01471735246
0.01477363197
0.01483016417
0.01488694903
0.01494398656
0.01500127675
0.01505881959
0.01511661507
0.0151746632
0.01523296395
0.01529151732
0.01535032332
0.01540938192
0.01546869313
0.01552825693
0.01558812411
0.01564819309
0.01570856543
0.01576919035
0.0158301186
0.01589124864
0.01595268201
0.01601441869
0.01607635715
0.01613859892
0.01620114399
0.01626394158
0.01632699168
0.01639034507
0.01645395097
0.01651786014
0.0165820218
0.01664648671
0.01671120412
0.01677622476
0.01684154864
0.016907125
0.01697300457
0.01703918737
0.01710567337
0.01717241183
0.01723945348
0.01730679833
0.01737439562
0.01744234684
0.01751055049
0.01757910806
0.01764791805
0.0177170312
0.01778649825
0.01785621771
0.01792624031
0.0179966168
0.01806724568
0.01813822843
0.0182095143
0.0182811033
0.01835299541
0.01842519064
0.0184977397
0.01857059187
0.01864374714
0.01871725623
0.01879106841
0.01886518367
0.01893965275
0.01901447562
0.01908955085
0.01916503059
0.01924081339
0.01931689926
0.0193933389
0.01947013232
0.01954722878
0.01962467901
0.019702483
0.01978064075
0.01985910153
0.01993791606
0.02001708432
0.02009660633
0.02017648207
0.02025666082
0.02033724402
0.02041813022
0.02049942085
0.0205810652
0.02066301254
0.0207453643
0.02082806976
0.02091117963
0.02099459248
0.02107840973
0.02116258067
0.02124710529
0.02133198359
0.02141726627
0.02150295332
0.02158894334
0.02167538843
0.02176213648
0.02184933959
0.02193689636
0.02202480677
0.02211312154
0.02220184065
0.0222909134
0.02238039049
0.02247027192
0.02256055767
0.02265124775
0.02274229145
0.02283379017
0.02292564251
0.02301789916
0.02311056013
0.02320367608
0.02329714565
0.02339107021
0.02348534838
0.02358008152
0.02367521896
0.02377081136
0.02386680806
0.02396320903
0.02406001428
0.02415727449
0.02425493897
0.0243530584
0.02445158211
0.02455056075
0.02464994366
0.02474978151
0.0248500743
0.02495077133
0.0250519233
0.0251535302
0.02525559202
0.02535805809
0.02546102975
0.02556440565
0.02566828713
0.02577257286
0.02587736416
0.0259825597
0.02608826081
0.02619441682
0.02630102773
0.02640814421
0.0265156649
0.02662369116
0.02673222297
0.02684120967
0.02695065125
0.02706059838
0.02717100039
0.02728190794
0.02739332103
0.027505189
0.0276175625
0.02773044153
0.02784377543
0.02795766552
0.02807201047
0.02818686095
0.0283022676
0.02841812912
0.02853449615
