22241.47803
15541.12937
12638.25881
10922.89378
9757.821889
8900.375562
8235.344595
7700.088874
7257.240794
6882.945972
6561.166742
6033.322126
5615.301261
5273.639739
4987.603948
4634.263368
4346.740671
4106.850448
3841.184464
3571.857393
3352.246141
3135.509166
2928.99728
2758.560379
2577.669761
2413.211161
2252.056617
2109.374668
1974.246839
1848.603167
1733.10159
1618.560292
1516.634575
1419.52644
1328.893373
1243.342732
1162.314495
1088.406363
1017.943242
952.1923325
890.9033774
833.8862276
780.4575363
730.2843537
683.2128864
639.1645256
598.0767338
559.5016533
523.539062
489.939256
458.3544456
428.8828924
401.3304531
375.4751097
351.3046157
328.7189399
307.5606789
287.7747034
269.2800865
251.9403744
235.7443443
220.5807924
206.3914878
193.1185418
180.7019815
169.08111
158.2179039
148.0528015
138.5476766
129.6584447
121.3486503
113.5781919
106.3174415
99.53450103
93.20144355
87.2909669
81.78008429
76.64792519
71.87409917
67.44206865
63.3378191
59.54895711
56.06621801
52.8825734
49.99414059
47.39991797
45.10155334
43.10360825
41.412929
40.03852319
38.99046772
38.27926643
