0.005006569699
0.0100131394
0.0150197091
0.0200262788
0.0250328485
0.0300394182
0.0350459879
0.0400525576
0.04505912729
0.05006569699
0.05507226669
0.06508540609
0.07509854549
0.08511168489
0.09512482429
0.1101445334
0.1251642425
0.1401839516
0.1602102304
0.1852430789
0.2102759274
0.2403153456
0.2753613335
0.3104073214
0.3554664487
0.4055321457
0.465610982
0.5306963881
0.6057949336
0.6909066185
0.7860314428
0.9011825459
1.026346788
1.17153731
1.33675411
1.527003758
1.747292825
1.99261474
2.277989213
2.603416244
2.973902401
3.394454256
3.875084947
4.425807614
5.056635396
5.777581433
6.598658864
7.539893967
8.611299883
9.83290289
11.23474241
12.83183814
14.65422951
16.74196907
19.12509625
21.8436636
24.95274338
28.5024013
32.55271619
37.18879973
42.47573733
48.51866696
55.42272657
63.30807385
72.31489274
82.60840004
94.35881912
107.7864391
123.121562
140.6395494
160.6458019
183.5057992
209.6150602
239.4391959
273.5038961
312.4199624
356.8732947
407.6449181
465.646028
531.9029714
607.582279
694.030718
792.7752922
905.5733075
1034.422385
1181.600515
1349.721125
1541.758119
1761.125977
2011.699784
2297.93038
2624.884415
