43709.76897
30903.82433
25228.06767
21847.71587
19534.67343
17844.06062
16524.55444
15463.7953
14580.93949
13835.84451
13194.74821
12139.6258
11297.31111
10607.75209
10032.67323
9320.310773
8737.564864
8253.353445
7719.989164
7175.726046
6731.294656
6296.447508
5880.456285
5535.272856
5167.946942
4833.638827
4503.074911
4211.891917
3939.741362
3690.489753
3464.07446
3239.787088
3037.772981
2842.82039
2659.826449
2487.404769
2322.614147
2175.671401
2036.432478
1906.60854
1781.393443
1664.112322
1550.820726
1443.500712
1344.339585
1257.679153
1184.261765
1119.216324
1057.821726
1002.739166
944.4898897
883.1412699
823.5625093
768.8781166
716.9456537
671.5929408
626.7144901
584.6015682
548.183236
515.0415142
478.7913842
445.1209624
416.0260565
388.3147502
360.2829407
337.8105548
320.4525785
308.8571009
295.6692617
283.6175964
273.4356084
264.8096716
250.9255903
241.5627715
235.5277757
232.1889861
234.506559
240.7984513
246.4887347
251.4168961
253.9897149
259.6289184
263.3384125
267.8012915
274.8369039
285.2449668
299.4683314
310.3180327
316.600799
311.5210614
290.4046963
257.5969602
