21907.37357
15489.04946
12643.88411
10950.11986
9785.669695
8926.316418
8260.921643
7724.8766
7281.697192
6907.095975
6583.669595
6053.880499
5633.973767
5291.519886
5006.804402
4656.776342
4371.336431
4133.484194
3872.226521
3605.29137
3386.127822
3168.451364
2961.37866
2787.065604
2599.830253
2427.357077
2258.435526
2110.623382
1974.825228
1851.732242
1740.543196
1630.850892
1533.595582
1439.500608
1350.292335
1264.614219
1182.082406
1106.683635
1036.393754
971.6714599
910.6642766
854.3157089
799.2809633
746.1417654
695.0244162
647.4192673
603.2008766
563.8293847
529.1783846
498.1928697
468.5108903
440.3767396
414.5467864
389.960279
363.8101306
338.447199
313.8136954
289.4371204
267.0656007
247.2619107
231.1510246
217.7342291
207.2759706
196.7551178
187.6518703
177.98341
166.4381191
153.082079
137.9383292
122.0481841
109.4508116
100.227596
95.65162006
91.30854272
87.42263844
83.71928028
79.01613499
71.84035396
66.80274364
64.58320429
63.15255892
61.17986402
60.27842807
55.95569731
51.65395041
47.70385818
43.88814451
40.40407165
37.88475922
39.54803749
40.37974918
39.82071421
