43764.31697
30917.21584
25247.94681
21870.33649
19559.85514
17854.76493
16535.81064
15475.5136
14595.94479
13857.61366
13217.96367
12660.43566
12165.08281
11720.37099
11318.89837
10956.06206
10626.09272
10323.41083
10042.34055
9783.271151
9543.053752
9320.495192
9112.821092
8919.310562
8737.83585
8567.900523
8407.854981
8256.143014
8113.021242
7976.577118
7846.386977
7722.560502
7604.449936
7491.542496
7383.546766
7279.760445
7180.269145
7084.970955
6993.983078
6906.340313
6821.928087
6740.614217
6662.669353
6586.932436
6513.748102
6443.159295
6374.75009
6308.326257
6243.689213
6181.106633
6120.424962
6061.244557
6003.793122
5948.139463
5893.897455
5841.221722
5789.923556
5739.831345
5691.001205
5643.491712
5597.519967
5552.637049
5508.646686
5465.556368
5423.489288
5382.491332
5342.594475
5303.582489
5265.320882
5228.041559
5191.653231
5156.127166
5121.305982
5087.094408
5053.596713
5020.520895
4988.254901
4956.488984
4925.331502
4894.795827
4864.744914
4834.838028
4805.452206
4776.409409
4747.803946
4719.565294
4691.949105
4664.910413
4638.28833
4612.091093
4586.334709
4560.846769
4535.753378
4511.090493
4486.900271
4463.171627
4439.928653
4417.108527
4394.592429
4372.431647
4350.601092
4329.198044
4308.072509
4287.273516
4266.811258
4246.606048
4226.666045
4206.945093
4187.510866
4168.35642
4149.42166
4130.691974
4112.052985
4093.715359
4075.655797
4057.772293
4040.14915
4022.686398
4005.542232
3988.542335
3971.698085
3955.02179
3938.526499
3922.255041
3906.108802
3890.172826
3874.467321
3858.958638
3843.702487
3828.649372
3813.716565
3798.934031
3784.242259
3769.772209
3755.479588
3741.327566
3727.377607
3713.557393
3699.724512
3686.046867
3672.532286
3659.154444
3645.890285
3632.770881
3619.811964
3606.979697
3594.247885
3581.725861
3569.333543
3557.022258
3544.832671
3532.755044
3520.797896
3508.92689
3497.175391
3485.517772
3473.966453
3462.575346
3451.285857
3440.103036
3429.070662
3418.119003
3407.379218
3396.816046
3386.315871
3375.91605
3365.606899
3355.351839
3345.234128
3335.161663
3325.180175
3315.290844
3305.469437
3295.738995
3286.025283
3276.348136
3266.69024
3257.080211
3247.581624
3238.150132
3228.783043
3219.516058
3210.280971
3201.156722
3192.149309
3183.189694
3174.325409
3165.524824
3156.810952
3148.160868
3139.585281
3131.068069
3122.56809
3114.130405
3105.75399
3097.438094
3089.172981
3080.98304
3072.892872
3064.90557
3056.962286
3049.039665
3041.214098
3033.470848
3025.799641
3018.251043
3010.790345
3003.367128
2995.959287
2988.572037
2981.183206
2973.794999
2966.52135
2959.318273
2952.163684
2945.042228
2937.970307
2930.982718
2924.020925
2917.102418
2910.238065
2903.479496
2896.765619
2890.115196
2883.540351
2876.99996
2870.530491
2864.07076
2857.606588
2851.201033
2844.858324
2838.541517
2832.281466
2826.087375
2819.945923
2813.794619
2807.650531
2801.551826
2795.484157
2789.441664
2777.48252
2771.548229
2765.640626
2759.76608
2753.96511
2748.197851
2742.444127
2736.739402
2731.079448
2725.472502
2719.909258
2714.378463
2703.43824
2698.05041
2692.696952
2687.338155
2682.018476
2676.738604
2671.516724
2666.342742
2656.10995
2651.047751
2646.02132
2641.011155
2636.019022
2631.099123
2621.344523
2616.49423
2611.694505
2606.922237
2602.165883
2592.701492
2588.031606
2583.378839
2578.756654
2569.621214
2565.086758
2560.584841
2556.131099
2547.283609
2542.900488
2538.499366
2534.126511
2525.435569
2521.114749
2516.815091
2512.510584
2503.996902
2499.800181
2495.643951
2487.405877
2483.313505
2479.251401
2471.130737
2467.092716
2463.071273
2455.111749
2451.149112
2447.195162
2439.315164
2435.405483
2427.63639
2423.808792
2419.987165
2412.404315
2408.652247
2401.19323
2397.511955
2393.850893
2386.593622
2383.018674
2375.885473
2372.361306
2365.341588
2361.860564
2354.95608
2351.521847
2348.117532
2341.352393
2338.004564
2331.330174
2328.01109
2321.420617
2314.875179
2311.62874
2305.219481
2302.066541
2295.819025
2292.741126
2286.621609
2283.597211
2277.574692
2274.571133
2268.634558
2262.746528
2259.818732
2253.975986
2248.217882
2245.388047
2239.764049
2236.973802
2231.395916
2225.858347
2223.096929
2217.591151
2212.122182
2209.389955
2203.958979
2198.567907
2195.875034
2190.548425
2185.21233
2179.933841
2177.322635
2172.139909
2167.00091
2161.896082
2159.358574
2154.302892
2149.245631
2144.236367
2139.2684
2136.767954
2131.765725
2126.787893
2121.891024
2117.050812
2114.657533
2109.927726
2105.253091
2100.563566
2095.881754
2091.252936
2086.671267
2082.092574
2077.523725
2075.23836
2070.675815
2066.14344
2061.66297
2057.281245
2052.937983
2048.583159
2044.232624
2039.89967
2035.62076
2031.400779
2027.227441
2023.07557
2018.950524
2014.828449
2010.72701
2006.634422
2002.574717
1998.523353
1992.541975
1988.599177
1984.698508
1980.82481
1976.956783
1973.111027
1969.29369
1965.499528
1959.842219
1956.134968
1952.472076
1948.838382
1945.224032
1939.82391
1936.260114
1932.734081
1929.210067
1925.672418
1920.419947
1916.963693
1913.524643
1908.365904
1904.935622
1901.51737
1898.11735
1893.047647
1889.692271
1886.350549
1881.342236
1878.033102
1873.111421
1869.82099
1866.542232
1861.676209
1858.465376
1853.637863
1850.446153
1845.703295
1842.554522
1839.390441
1834.660945
1831.526465
1826.875858
1823.807354
1819.265942
1814.7659
1811.794606
1807.396267
1804.46963
1800.089388
1797.170867
1792.781263
1788.438377
1785.574119
1781.313634
1777.107498
1774.349196
1770.24628
1766.148528
1763.430203
1759.41695
1755.47973
1751.605781
1749.047983
1745.211048
1741.359963
1737.55174
1735.017011
1731.218344
1727.427887
1723.664854
1719.908365
1716.150479
1713.663653
1709.940663
1706.19037
1702.429446
1698.679852
1694.949351
1691.250265
1687.546739
1683.904749
1680.269703
1676.677094
1673.114755
1669.564064
1666.041467
1662.539507
1659.060876
1655.586732
1652.152274
1648.750706
1644.260187
1640.900401
1637.566872
1634.282332
1631.022905
1627.757122
1623.429839
1620.182565
1616.954013
1613.714603
1609.406983
1606.21199
1603.026485
1599.867605
1595.715282
1592.621754
1589.52045
1585.441279
1582.414185
1578.399967
1575.414997
1572.420876
1568.448997
1565.472034
1561.505897
1558.535479
1554.581365
1551.650413
1547.766274
1544.903072
1541.130866
1537.387206
1534.601257
1530.945404
1528.220854
1524.63341
1521.050343
1518.398473
1514.890023
1511.430708
1508.834305
1505.392611
1501.989722
1498.622304
1495.273042
1492.771736
1489.439469
1486.135678
1482.867453
1479.643249
1476.393011
1473.1191
1470.658186
1467.400444
1464.169264
1460.937513
1457.679724
1454.459682
1451.288485
1448.162075
1445.0487
1441.210063
1438.192573
1435.203191
1432.243528
1429.283564
1426.338678
1423.434964
1419.78696
1416.880649
1414.028524
1411.226226
1407.722691
1404.961551
1402.217731
1398.807596
1396.07483
1393.368856
1390.011836
1387.329346
1383.969261
1381.289224
1377.967673
1375.332364
1372.0696
1369.468498
1366.23253
1363.650851
1360.437057
1357.260411
1354.743303
1351.650502
1349.199167
1346.144924
1343.109148
1340.100778
1337.712483
1334.749506
1331.811418
1328.882715
1325.949707
1323.076023
1320.80072
1317.965274
1315.132046
1312.323528
1309.518342
1306.741134
1303.952146
1301.166682
1298.414906
1295.714479
1292.504706
1289.836242
1287.201591
1284.577916
1281.998134
1279.435545
1276.350611
1273.782098
1271.212623
1268.120128
1265.548411
1263.010045
1260.017967
1257.561457
1255.101258
1252.177448
1249.729175
1246.77117
1244.323256
1241.451952
1238.598284
1236.227754
1233.401767
1231.091141
1228.350523
1225.635522
1222.921396
1220.655992
1217.98477
1215.357676
1212.779766
1210.238892
1208.151433
1205.672665
1203.213311
1200.732538
1198.288693
1195.857945
1193.440263
1191.060507
1188.723867
1186.011319
1183.681854
1181.386176
1179.110913
1176.859672
1174.244951
1171.994085
1169.738944
1167.481265
1164.835961
1162.616743
1160.028779
1157.834727
1155.271854
1153.103241
1150.583804
1148.434878
1145.956156
1143.837348
1141.391575
1138.993246
1136.975317
1134.618796
1132.260161
1129.941987
1127.635583
1125.658739
1123.388821
1121.15901
1118.948928
1116.744539
1114.520336
1112.295818
1110.112845
1107.933741
1105.459278
1103.305949
1101.154099
1099.004836
1096.896542
1094.464458
1092.348392
1090.239057
1087.846472
1085.750651
1083.401801
1081.399595
1079.132842
1077.139488
1074.904738
1072.983366
1070.816902
1068.687898
1066.860823
1064.749886
1062.662638
1060.581352
1058.545544
1056.519004
1054.755813
1052.780548
1050.849499
1048.919915
1046.709396
1044.723245
1042.771665
1040.816986
1038.855176
1036.873942
1034.621999
1032.683239
1030.72548
1028.521866
1026.593855
1024.45313
1022.539932
1020.389505
1018.515212
1016.410897
1014.312992
1012.437145
1010.348232
1008.26651
1006.209236
1004.379725
1002.315745
1000.25687
998.2284547
996.2288918
994.2082579
992.1983278
990.2226382
988.0080534
986.0081099
984.001867
981.9958517
979.7724315
977.7667062
975.7849717
973.5910077
971.6272606
969.4559042
967.5172202
965.3679171
963.2064522
961.2902947
959.1656737
957.0154221
954.8852165
952.7768161
950.6952774
948.6503798
946.578539
944.5282839
942.4759939
940.4319425
938.384989
936.3210109
934.2594728
932.0243852
930.0283307
927.846923
925.8929553
923.9499176
921.8152635
919.7105994
917.8292083
915.7534724
913.6458386
911.7321265
909.6208428
907.5294298
905.4274798
903.3680613
901.3346956
899.3137273
897.310447
895.3278114
893.1715723
891.1862398
889.1863754
886.990149
885.0153371
883.0529752
880.9313086
878.8511339
876.9853662
874.9484529
872.9191288
871.0599578
869.0585352
867.0803043
865.1644454
863.2344117
861.3302295
859.4464185
857.5656264
855.6580129
853.5905954
851.670083
849.731395
847.63295
845.7081685
843.6425814
841.7640563
839.7595293
837.9235556
835.98128
834.0840537
832.1951048
830.3014043
828.4029224
826.5280299
824.6578781
822.7994859
820.9465671
819.0999691
817.1132063
815.2549198
813.3658181
811.3194907
809.2941357
807.4134298
805.3907635
803.3968558
801.5379945
799.5234334
797.5274917
795.5419299
793.6018457
791.6679389
789.7108843
787.7626614
785.6590541
783.7399451
781.7277499
779.8865261
777.9296065
776.1391406
774.2777421
772.5324736
770.6735188
768.8356314
767.0096652
765.1581452
763.3114782
761.4793523
759.6548322
757.7081882
755.896817
754.1083639
752.2001033
750.4570469
748.6158107
746.7824568
745.0664955
743.2734605
741.4763328
739.6922383
737.940748
736.2069218
734.5125225
732.8546554
731.106731
729.4615828
727.799446
726.0973251
724.5268696
722.8511973
721.1766395
719.4946656
717.9191833
716.2460121
714.6033084
712.8775925
711.2541543
709.6191162
707.9774825
706.2403183
704.602223
702.878962
701.249093
699.5639842
697.9328263
696.3439113
694.780072
693.2151297
691.6582311
690.0917412
688.5158871
686.9945187
685.4056293
683.8861849
682.309457
680.7595132
679.3255856
677.8168498
676.3437636
674.8931748
673.4752266
672.0679014
670.6074841
669.2465411
667.8914701
666.4836356
665.1726332
663.8092238
662.4766154
661.163688
659.8754201
658.6442865
657.4607108
656.3121886
655.1601953
653.9428981
652.8264904
651.6646452
650.5474189
649.3672965
648.2027341
647.0690715
645.9080671
644.7426285
643.5691638
642.3833581
641.1553871
640.0110098
638.8009068
637.5633659
636.34774
635.0711875
633.8181912
632.5858925
631.3523404
630.0445588
628.7917309
627.5257966
626.1936132
624.9231894
623.6105425
622.2960054
620.9739698
619.665221
618.3342653
617.0174681
615.6920899
614.4048357
613.0673216
611.7924754
610.4871896
609.1889593
607.8996845
606.6152194
605.3443187
604.015497
602.7683187
601.4922925
600.2888144
599.0690609
597.8740705
596.6792095
595.4929564
594.3157587
593.1427009
591.9421388
590.6668869
589.3785625
588.1689677
586.9374341
585.7204165
584.4958526
583.2870614
582.0214438
580.8241499
579.6531355
578.4346325
577.2237917
576.0860091
574.9948548
573.9096373
572.8342706
571.7480669
570.6390114
569.6008533
568.5331059
567.4849744
566.452145
565.4080447
564.3975198
563.3967732
562.4468701
561.4926516
560.5495012
559.59507
558.6616443
557.7354491
556.7795924
555.7526922
554.7672092
553.7585026
552.7955454
551.7851128
550.7895853
549.776023
548.7283195
547.7152537
546.6449622
545.5721973
544.4459266
543.3202284
542.2098328
541.1098705
539.9826116
538.9327115
537.9029751
536.9390638
535.9611679
534.97753
533.992967
532.9752369
531.974181
530.9392788
529.923021
528.9603092
527.9598291
526.9708051
526.0129651
525.0443978
524.0479844
523.0702734
522.081573
521.061415
520.0272518
518.9983111
517.9363183
516.8866446
515.8850125
514.8717857
513.867346
512.8213372
511.8122516
510.782232
509.7821622
508.7464992
507.7211944
506.6560038
505.6420651
504.6101732
503.6567442
502.7167197
501.800778
500.8945125
499.9615527
499.0410588
498.0997506
497.187103
496.282071
495.354347
494.4506295
493.517608
492.5803763
491.6724973
490.7442138
489.7579155
488.8250128
487.9075987
487.0333812
486.1086438
485.1693715
484.2301071
483.2860867
482.3732045
481.462643
480.533451
479.6060989
478.6479621
477.703189
476.6879273
475.6497747
474.6300003
473.6263908
472.6597462
471.6785208
470.6852714
469.6965686
468.6938009
467.678929
466.6646268
465.6254313
464.5240107
463.399772
462.285296
461.1435597
460.0431861
458.9531672
457.9158428
456.8769316
455.8568789
454.8480938
453.8567034
452.862207
451.8476549
450.7889696
449.7466663
448.7118126
447.6674056
446.6491335
445.6378979
444.6332448
443.6554076
442.6842624
441.7109319
440.7825032
439.8037831
438.8461495
437.8972093
436.9635579
435.9940894
435.0351464
434.0911795
433.1429894
432.1728103
431.2443736
430.3085552
429.3732884
428.4711541
427.5719366
426.681447
425.7850212
424.8968864
424.0153996
423.1304754
422.2339927
421.3632581
420.4882795
419.6091913
418.7453751
417.9006967
417.1087315
416.3067714
415.4905723
414.6510509
413.7894917
412.9385592
412.0855218
411.2585159
410.4003524
409.5317435
408.6668026
407.7661493
406.880915
405.9533688
404.9727104
403.9939483
403.0122342
402.0269546
401.0290452
400.0314904
399.0377888
398.0688055
397.1005276
396.1349879
395.1801844
394.2481358
393.3684411
392.5226307
391.711833
390.8993525
390.0894644
389.2731706
388.474149
387.6602254
386.823512
386.0363406
385.2527123
384.4786576
383.6937316
382.9188289
382.1442801
381.3488387
380.5938171
379.8650052
379.1637706
378.4475342
377.7230159
377.034558
376.3420496
375.6315088
374.9374108
374.2772192
373.6142599
372.9467998
372.3081866
371.6872834
371.0979937
370.5008546
369.9081451
369.3285302
368.7327317
368.14234
367.5362001
366.9461763
366.3474591
365.7578718
365.1838348
364.624502
364.027238
363.4038309
362.7443128
362.0930885
361.4341343
360.7820654
360.1602881
359.5254718
358.9053815
358.2949256
357.671756
357.0754111
356.5029675
355.9128967
355.3284427
354.7522016
354.1470132
353.4980327
352.8264161
352.1989096
351.5528622
350.8798377
350.1581767
349.4591647
348.7613471
348.0798344
347.4142961
346.7451395
346.1015449
345.4863351
344.8704112
344.2874705
343.6982246
343.1316392
342.5597108
341.9913387
341.432436
340.9142622
340.4410679
339.9663317
339.5026086
339.0657753
338.6352902
338.2132923
337.7996629
337.4045854
337.0008132
336.5714874
336.1384878
335.7067706
335.2723452
334.8546814
334.4399037
334.0462166
333.6576267
333.2742267
332.8958858
332.5318431
332.1770675
331.84173
331.4908412
331.1507197
330.785224
330.3987505
330.0057957
329.6454623
329.257996
328.8448247
328.3958917
327.9407012
327.4894652
327.0328647
326.572824
326.1074041
325.647898
325.1756398
324.696791
324.2220487
323.7462542
323.296845
322.8767548
322.4713051
322.0625841
321.6475045
321.2505101
320.8392323
320.4090654
319.9760072
319.5228688
319.0469343
318.5645844
318.0948886
317.6245259
317.1638617
316.7101127
316.2316401
315.7487242
315.2896967
314.807779
314.3115283
313.8296451
313.3223815
312.8117826
312.2970985
311.8108605
311.3440704
310.9068671
310.4494146
309.9887685
309.5251999
309.056462
308.5613906
308.0742036
307.6156966
307.1370153
306.6482997
306.152739
305.6642386
305.1652198
304.6262281
304.0459854
303.4904454
302.9289882
302.3656889
301.8138152
301.2284222
300.6180663
300.0127515
299.4172585
298.8622282
298.3336483
297.8520973
297.3635513
296.8603213
296.3530479
295.8310117
295.2948801
294.7586017
294.2445412
293.7423168
293.2448082
292.7490539
292.2748742
291.8223674
291.35811
290.8896844
290.4000184
289.8980372
289.4071669
288.932827
288.4655731
288.0099826
287.5407678
287.067517
286.5935947
286.1148208
285.6148461
285.1138761
284.600079
284.0893049
283.5737096
283.0732263
282.5724008
282.0641737
281.5585308
281.0542668
280.5305058
280.0051341
279.4496875
278.8536035
278.2160688
277.6091008
277.0069399
276.3856289
275.744002
275.106869
274.4520976
273.785933
273.132466
272.4506677
271.7622269
271.0379247
270.2880426
269.5231043
268.7701654
267.9925309
267.2272434
266.4468488
265.6957679
264.9913208
264.2996161
263.5860597
262.9126077
262.2711823
261.6555571
261.0337415
260.4454439
259.882703
259.2851077
258.6974266
258.1282245
257.5502447
256.9875097
256.4011128
255.8396504
255.3057062
254.7951099
254.3022856
253.7806848
253.2405767
252.6982591
252.1553668
251.6287923
251.1072216
250.606257
250.0860547
249.5850188
249.0994102
248.5940042
248.0882253
247.5912425
247.0987552
246.6051272
246.1040356
245.6236408
245.1410385
244.6613863
244.1713299
243.6802069
243.1963953
242.7310816
242.3065495
241.9133577
241.53675
241.1589568
240.7672752
240.3747251
239.9761025
239.5677511
239.1907637
238.8331087
238.4995389
238.1646478
237.7905732
237.4312052
237.0860111
236.7552187
236.4482295
236.1292049
235.8016747
235.5006495
235.2359604
234.9791967
234.7347562
234.5184184
234.2728002
234.0267414
233.807136
233.590654
233.391476
233.1988514
232.9925947
232.7589055
232.5011747
232.2190693
231.947173
231.676652
231.3998853
231.110173
230.8479485
230.5853809
230.3058556
230.0299519
229.7408915
229.4090931
229.0601977
228.7303685
228.4588797
228.1772023
227.8619272
227.5740973
227.2630234
226.9314548
226.6123319
226.2931776
225.9561807
225.5844122
225.2084734
224.812177
224.400312
223.989512
223.5756052
223.1565849
222.7470361
222.3625619
221.9848592
221.610878
221.2062208
220.7628612
220.3411692
219.948299
219.5502921
219.194541
218.8654736
218.5326718
218.2058304
217.8825716
217.53541
217.1649699
216.7983038
216.4451871
216.0714691
215.6911842
215.2994018
214.907828
214.5249138
214.194343
213.8712348
213.5525571
213.231513
212.891543
212.5491723
212.1917824
211.8549007
211.5286409
211.2122718
210.9413956
210.7067579
210.4830422
210.2320827
209.9655292
209.743767
209.5673669
209.3994717
209.2259152
209.0630572
208.9149021
208.796348
208.6861415
208.5514628
208.4107484
208.263382
208.1022506
207.942765
207.7707873
207.5960875
207.3926561
207.1516273
206.9461865
206.7186564
206.5075695
206.2721362
206.0427763
205.8326167
205.6287518
205.4254488
205.2367543
205.1036498
204.9701356
204.8423615
204.6775918
204.5250528
204.3539251
204.200604
204.058954
203.9423709
203.8315547
203.7420655
203.6485731
203.5393134
203.4204403
203.3102323
203.2014627
203.0878567
202.962725
202.8226568
202.6696341
202.5047936
202.3355836
202.1788904
202.0365497
201.8881807
201.7277979
201.5573572
201.3827759
201.1850444
200.9756872
200.7521843
200.518884
200.2717055
199.9995908
199.7363441
199.4807797
199.2321931
198.9629336
198.6937888
198.4150496
198.1064735
197.7802348
197.4596583
197.1219103
196.8099164
196.4838795
196.1441485
195.7620215
195.3554551
194.9817196
194.6312427
194.2212273
193.786996
193.3496471
192.9223204
192.4883999
192.0807956
191.6951598
191.3119604
190.9422896
190.5711362
190.2112336
189.8734771
189.546675
189.2495975
188.9812009
188.7452973
188.5083676
188.2842115
188.0412646
187.8137184
187.5751725
187.3414266
187.1253909
186.9418475
186.7790221
186.6448204
186.5215822
186.3790332
186.2302485
186.0419007
185.8656607
185.704938
185.560829
185.4265261
185.3161325
185.2143401
185.1387095
185.0859744
185.0728022
185.0415447
185.0221417
184.9920474
184.9812514
184.9950057
185.0439519
185.0853955
185.119323
185.1662553
185.2373505
185.3126178
185.3859685
185.4521445
185.5079514
185.5448645
185.566028
185.5755089
185.5975312
185.6146959
185.6266042
185.6361337
185.6647634
185.7193312
185.785678
185.8419252
185.8839787
185.9384228
185.950057
185.9546675
185.9590714
185.9921322
186.0492947
186.1156549
186.2074919
186.307543
186.3729131
186.4385559
186.5191516
186.6294033
186.7592805
186.8850914
187.0164882
187.1351363
187.2650904
187.3683473
187.4648863
187.5462579
187.6437907
187.7446281
187.8525066
187.9907773
188.117633
188.2142666
188.3140218
188.4001223
188.487234
188.5766428
188.6795706
188.7892077
188.8996357
189.0261896
189.1522604
189.2837605
189.4217989
189.5722089
189.7238034
189.8726253
190.021916
190.1498508
190.2803945
190.4252833
190.6010017
190.7944533
190.9975761
191.192946
191.387145
191.5874969
191.7923469
192.01478
192.2373607
192.4644503
192.7020649
192.9490211
193.2036521
193.4602719
193.7347177
194.0252317
194.3363777
194.6556395
194.9849248
195.3329807
195.6878237
196.0486667
196.4264975
196.8456176
197.27731
197.715695
198.1734256
198.6225297
199.0682018
199.5229423
200.0102996
200.5134171
201.0500711
201.6097936
202.1944406
202.7948316
203.4137819
204.0436513
204.6881146
205.3442341
206.029446
206.7182315
207.4182545
208.0982004
208.7555528
209.4218857
210.1110381
210.8056088
211.50569
212.2314111
212.9790737
213.7357557
214.4849839
215.2395449
215.988787
216.7438552
217.488723
218.2566816
219.0244183
219.8138667
220.6152698
221.3983565
222.1717913
222.9459106
223.73684
224.515088
225.3003529
226.101538
226.9168095
227.7459936
228.5879176
229.4351634
230.278209
231.1212059
232.0025456
232.9096949
233.8486361
234.7902816
235.7278753
236.676569
237.6489989
238.6352107
239.6131113
240.598518
241.6054605
242.6132253
243.625582
244.6522583
245.6882473
246.7151461
247.7521564
248.7876397
249.8266726
250.8912095
251.967955
253.0620177
254.156597
255.2393618
256.3178776
257.3981119
258.484874
259.5847952
260.6998503
261.8198696
262.9380992
264.0703242
265.2028416
266.3323486
267.4752787
268.6194392
269.7652417
270.9341862
272.1063983
273.292142
274.499363
275.737288
276.9914911
278.2636467
279.5610605
280.860824
282.1615
283.4596747
284.7760553
286.0953556
287.419973
288.7394693
290.0571421
291.3874412
292.7297518
294.0696549
295.4251556
296.7913377
298.1749122
299.5640028
300.9483269
302.3248637
303.7173171
305.1084073
306.5202887
307.9351681
309.3456465
310.7497222
312.1566739
313.5579768
314.9677214
316.3958786
317.846544
319.3219435
320.8285331
322.3411814
323.8532546
325.3651725
326.892876
328.4451942
330.0298177
331.6547579
333.3026004
334.9531504
336.6182766
338.2654667
339.920352
341.5880504
343.2767838
344.9532991
346.6394098
348.3453083
350.0624429
351.7884391
353.5294533
355.3044834
357.1018371
358.9113677
360.7099225
362.5083545
364.2999705
366.1010388
367.9093072
369.7135633
371.5093243
373.2931432
375.0633793
376.8306611
378.6249327
380.4706309
382.3172297
384.180632
386.0738365
387.9864587
389.8944023
391.8011005
393.7019264
395.6000062
397.4880077
399.3870271
401.2923172
403.2239969
405.1784832
407.1614847
409.1834376
411.2083262
413.2567413
415.3115944
417.3720613
419.41527
421.4055593
423.3813173
425.3733325
427.3959087
429.4206081
431.4371262
433.4444644
435.4421031
437.4235708
439.4175848
441.4399082
443.4691243
445.4964643
447.5475101
449.615889
451.7541508
453.9452766
456.1643723
458.3905258
460.6832567
462.9768378
465.2530137
467.5392303
469.8728183
472.2145188
474.5849055
476.9209765
479.2464696
481.4504792
483.6378062
485.8280994
488.043114
490.2504668
492.4531007
494.6660124
496.8553507
499.073977
501.3148157
503.4868165
505.5807518
507.6825314
509.8041158
511.9565713
514.1408313
516.2457798
518.3491544
520.4388918
522.4955476
524.4587088
526.2188289
527.9504816
529.6626963
531.3781835
533.0913108
534.8057104
536.5630202
538.2166905
539.8378227
541.4776236
543.105821
544.7571775
546.3472218
547.9982053
