0.005014067396
0.01002813479
0.01504220219
0.02005626958
0.02507033698
0.03008440437
0.03509847177
0.04011253916
0.04512660656
0.05014067396
0.05515474135
0.06016880875
0.06518287614
0.07019694354
0.07521101093
0.08022507833
0.08523914572
0.09025321312
0.09526728051
0.1002813479
0.1052954153
0.1103094827
0.1153235501
0.1203376175
0.1253516849
0.1303657523
0.1353798197
0.1403938871
0.1454079545
0.1504220219
0.1554360893
0.1604501567
0.1654642241
0.1704782914
0.1754923588
0.1805064262
0.1855204936
0.190534561
0.1955486284
0.2005626958
0.2055767632
0.2105908306
0.215604898
0.2206189654
0.2256330328
0.2306471002
0.2356611676
0.240675235
0.2456893024
0.2507033698
0.2557174372
0.2607315046
0.265745572
0.2707596394
0.2757737068
0.2807877741
0.2858018415
0.2908159089
0.2958299763
0.3008440437
0.3058581111
0.3108721785
0.3158862459
0.3209003133
0.3259143807
0.3309284481
0.3359425155
0.3409565829
0.3459706503
0.3509847177
0.3559987851
0.3610128525
0.3660269199
0.3710409873
0.3760550547
0.3810691221
0.3860831895
0.3910972568
0.3961113242
0.4011253916
0.406139459
0.4111535264
0.4161675938
0.4211816612
0.4261957286
0.431209796
0.4362238634
0.4412379308
0.4462519982
0.4512660656
0.456280133
0.4612942004
0.4663082678
0.4713223352
0.4763364026
0.48135047
0.4863645374
0.4913786048
0.4963926722
0.5014067396
0.5064208069
0.5114348743
0.5164489417
0.5214630091
0.5264770765
0.5314911439
0.5365052113
0.5415192787
0.5465333461
0.5515474135
0.5565614809
0.5615755483
0.5665896157
0.5716036831
0.5766177505
0.5816318179
0.5866458853
0.5916599527
0.5966740201
0.6016880875
0.6067021549
0.6117162223
0.6167302896
0.621744357
0.6267584244
0.6317724918
0.6367865592
0.6418006266
0.646814694
0.6518287614
0.6568428288
0.6618568962
0.6668709636
0.671885031
0.6768990984
0.6819131658
0.6869272332
0.6919413006
0.696955368
0.7019694354
0.7069835028
0.7119975702
0.7170116376
0.722025705
0.7270397723
0.7320538397
0.7370679071
0.7420819745
0.7470960419
0.7521101093
0.7571241767
0.7621382441
0.7671523115
0.7721663789
0.7771804463
0.7821945137
0.7872085811
0.7922226485
0.7972367159
0.8022507833
0.8072648507
0.8122789181
0.8172929855
0.8223070529
0.8273211203
0.8323351877
0.837349255
0.8423633224
0.8473773898
0.8523914572
0.8574055246
0.862419592
0.8674336594
0.8724477268
0.8774617942
0.8824758616
0.887489929
0.8925039964
0.8975180638
0.9025321312
0.9075461986
0.912560266
0.9175743334
0.9225884008
0.9276024682
0.9326165356
0.937630603
0.9426446704
0.9476587378
0.9526728051
0.9576868725
0.9627009399
0.9677150073
0.9727290747
0.9777431421
0.9827572095
0.9877712769
0.9927853443
0.9977994117
1.002813479
1.007827546
1.012841614
1.017855681
1.022869749
1.027883816
1.032897883
1.037911951
1.042926018
1.047940086
1.052954153
1.05796822
1.062982288
1.067996355
1.073010423
1.07802449
1.083038557
1.088052625
1.093066692
1.09808076
1.103094827
1.108108894
1.113122962
1.118137029
1.123151097
1.128165164
1.133179231
1.138193299
1.143207366
1.148221434
1.153235501
1.158249568
1.163263636
1.168277703
1.173291771
1.178305838
1.183319905
1.188333973
1.19334804
1.198362108
1.203376175
1.21340431
1.218418377
1.223432445
1.228446512
1.233460579
1.238474647
1.243488714
1.248502781
1.253516849
1.258530916
1.263544984
1.268559051
1.278587186
1.283601253
1.288615321
1.293629388
1.298643455
1.303657523
1.30867159
1.313685658
1.323713792
1.32872786
1.333741927
1.338755995
1.343770062
1.348784129
1.358812264
1.363826332
1.368840399
1.373854466
1.378868534
1.388896669
1.393910736
1.398924803
1.403938871
1.413967006
1.418981073
1.42399514
1.429009208
1.439037343
1.44405141
1.449065477
1.454079545
1.464107679
1.469121747
1.474135814
1.479149882
1.489178016
1.494192084
1.499206151
1.509234286
1.514248353
1.519262421
1.529290556
1.534304623
1.53931869
1.549346825
1.554360893
1.55937496
1.569403095
1.574417162
1.584445297
1.589459364
1.594473432
1.604501567
1.609515634
1.619543769
1.624557836
1.629571904
1.639600038
1.644614106
1.654642241
1.659656308
1.669684443
1.67469851
1.684726645
1.689740712
1.69475478
1.704782914
1.709796982
1.719825117
1.724839184
1.734867319
1.744895454
1.749909521
1.759937656
1.764951723
1.774979858
1.779993925
1.79002206
1.795036128
1.805064262
1.81007833
1.820106465
1.830134599
1.835148667
1.845176802
1.855204936
1.860219004
1.870247139
1.875261206
1.885289341
1.895317476
1.900331543
1.910359678
1.920387812
1.92540188
1.935430015
1.945458149
1.950472217
1.960500352
1.970528486
1.980556621
1.985570689
1.995598823
2.005626958
2.015655093
2.02066916
2.030697295
2.04072543
2.050753565
2.0607817
2.065795767
2.075823902
2.085852037
2.095880171
2.105908306
2.110922374
2.120950508
2.130978643
2.141006778
2.151034913
2.161063047
2.171091182
2.181119317
2.191147452
2.196161519
2.206189654
2.216217789
2.226245924
2.236274058
2.246302193
2.256330328
2.266358463
2.276386598
2.286414732
2.296442867
2.306471002
2.316499137
2.326527272
2.336555406
2.346583541
2.356611676
2.366639811
2.376667945
2.391710148
2.401738282
2.411766417
2.421794552
2.431822687
2.441850822
2.451878956
2.461907091
2.476949293
2.486977428
2.497005563
2.507033698
2.517061833
2.532104035
2.54213217
2.552160304
2.562188439
2.572216574
2.587258776
2.597286911
2.607315046
2.622357248
2.632385383
2.642413517
2.652441652
2.667483854
2.677511989
2.687540124
2.702582326
2.712610461
2.727652663
2.737680798
2.747708933
2.762751135
2.77277927
2.787821472
2.797849607
2.812891809
2.822919944
2.832948078
2.847990281
2.858018415
2.873060618
2.883088752
2.898130955
2.913173157
2.923201292
2.938243494
2.948271629
2.963313831
2.973341966
2.988384168
3.00342637
3.013454505
3.028496707
3.043538909
3.053567044
3.068609246
3.083651448
3.093679583
3.108721785
3.123763987
3.13880619
3.148834324
3.163876527
3.178918729
3.193960931
3.203989066
3.219031268
3.23407347
3.249115672
3.264157874
3.279200077
3.289228211
3.304270414
3.319312616
3.334354818
3.34939702
3.364439222
3.379481425
3.394523627
3.409565829
3.424608031
3.439650233
3.454692436
3.469734638
3.48477684
3.499819042
3.514861244
3.529903446
3.544945649
3.559987851
3.58004412
3.595086323
3.610128525
3.625170727
3.640212929
3.655255131
3.675311401
3.690353603
3.705395805
3.720438007
3.740494277
3.755536479
3.770578681
3.785620884
3.805677153
3.820719355
3.835761558
3.855817827
3.870860029
3.890916299
3.905958501
3.921000703
3.941056973
3.956099175
3.976155445
3.991197647
4.011253916
4.026296119
4.046352388
4.06139459
4.08145086
4.10150713
4.116549332
4.136605601
4.151647803
4.171704073
4.191760343
4.206802545
4.226858814
4.246915084
4.261957286
4.282013556
4.302069825
4.322126095
4.342182365
4.357224567
4.377280836
4.397337106
4.417393375
4.437449645
4.457505915
4.477562184
4.492604386
4.512660656
4.532716926
4.552773195
4.572829465
4.592885734
4.612942004
4.632998273
4.653054543
4.67812488
4.69818115
4.718237419
4.738293689
4.758349958
4.778406228
4.798462497
4.823532834
4.843589104
4.863645374
4.883701643
4.90877198
4.92882825
4.948884519
4.973954856
4.994011126
5.014067396
5.039137732
5.059194002
5.084264339
5.104320609
5.129390946
5.149447215
5.174517552
5.194573822
5.219644159
5.239700428
5.264770765
5.289841102
5.309897372
5.334967709
5.355023978
5.380094315
5.405164652
5.430234989
5.450291259
5.475361596
5.500431933
5.52550227
5.550572607
5.575642944
5.595699213
5.62076955
5.645839887
5.670910224
5.695980561
5.721050898
5.746121235
5.771191572
5.796261909
5.821332246
5.851416651
5.876486988
5.901557325
5.926627661
5.951697998
5.976768335
6.00685274
6.031923077
6.056993414
6.087077818
6.112148155
6.137218492
6.167302896
6.192373233
6.21744357
6.247527975
6.272598312
6.302682716
6.327753053
6.357837457
6.387921862
6.412992199
6.443076603
6.46814694
6.498231345
6.528315749
6.558400153
6.58347049
6.613554895
6.643639299
6.673723703
6.703808108
6.728878445
6.758962849
6.789047254
6.819131658
6.849216062
6.879300467
6.909384871
6.939469275
6.96955368
7.004652152
7.034736556
7.06482096
7.094905365
7.124989769
7.160088241
7.190172645
7.22025705
7.250341454
7.285439926
7.31552433
7.350622802
7.380707206
7.415805678
7.445890082
7.480988554
7.511072958
7.54617143
7.576255835
7.611354306
7.646452778
7.676537183
7.711635654
7.746734126
7.781832598
7.81693107
7.847015474
7.882113946
7.917212418
7.952310889
7.987409361
8.022507833
8.057606305
8.092704776
8.127803248
8.167915787
8.203014259
8.238112731
8.273211203
8.308309674
8.348422214
8.383520685
8.418619157
8.458731696
8.493830168
8.533942707
8.569041179
8.609153718
8.64425219
8.684364729
8.719463201
8.75957574
8.799688279
8.834786751
8.87489929
8.915011829
8.955124368
8.995236908
9.035349447
9.070447918
9.110560458
9.150672997
9.190785536
9.235912143
9.276024682
9.316137221
9.35624976
9.396362299
9.436474838
9.481601445
9.521713984
9.561826523
9.60695313
9.647065669
9.692192276
9.732304815
9.777431421
9.81754396
9.862670567
9.907797174
9.947909713
9.993036319
10.03816293
10.08328953
10.12340207
10.16852868
10.21365528
10.25878189
10.3039085
10.3490351
10.39416171
10.43928832
10.48942899
10.5345556
10.5796822
10.62480881
10.67494949
10.72007609
10.7652027
10.81534337
10.86046998
10.91061065
10.95573726
11.00587793
11.05601861
11.10114521
11.15128589
11.20142656
11.25156724
11.30170791
11.35184858
11.40198926
11.45212993
11.50227061
11.55241128
11.60255195
11.65269263
11.7028333
11.75297398
11.80812872
11.85826939
11.91342413
11.96356481
12.01370548
12.06886022
12.12401496
12.17415564
12.22931038
12.28446512
12.33460579
12.38976053
12.44491528
12.50007002
12.55522476
12.6103795
12.66553424
12.72068898
12.77584372
12.83601253
12.89116727
12.94632202
13.00649082
13.06164557
13.11680031
13.17696912
13.23713792
13.29229267
13.35246147
13.41263028
13.46778502
13.52795383
13.58812264
13.64829145
13.70846026
13.76862907
13.82879788
13.88896669
13.94913549
14.01431837
14.07448718
14.13465599
14.19983886
14.26000767
14.32519055
14.38535936
14.45054223
14.51071104
14.57589392
14.64107679
14.70625967
14.77144255
14.83662542
14.9018083
14.96699118
15.03217405
15.09735693
15.1625398
15.23273675
15.29791962
15.3631025
15.43329944
15.50349639
15.56867926
15.63887621
15.70907315
15.77425603
15.84445297
15.91464991
15.98484686
16.0550438
16.12524074
16.19543769
16.26563463
16.34084564
16.41104259
16.4862536
16.55645054
16.63166155
16.70185849
16.77706951
16.84726645
16.92247746
16.99768847
17.07289948
17.14811049
17.2233215
17.29853251
17.37374353
17.4539686
17.52917961
17.60439063
17.6846157
17.75982671
17.84005179
17.92027687
17.99548788
18.07571296
18.15593804
18.23616312
18.3163882
18.39661327
18.47683835
18.55706343
18.64230258
18.72252765
18.80275273
18.88799188
18.96821696
19.0534561
19.13869525
19.22393439
19.30415947
19.38939862
19.47463776
19.56489098
19.65013012
19.73536927
19.82060841
19.91086163
19.99610077
20.08635399
20.17159313
20.26184635
20.35209956
20.44235277
20.53260598
20.6228592
20.71311241
20.80336562
20.89361884
20.98387205
21.07913933
21.16939254
21.26465982
21.3599271
21.45018032
21.5454476
21.64071488
21.73598216
21.83124944
21.92651672
22.02679807
22.12206535
22.21733263
22.31761398
22.41288126
22.51316261
22.61344395
22.7137253
22.81400665
22.914288
23.01456935
23.11485069
23.21513204
23.32042746
23.4207088
23.52600422
23.62628557
23.73158098
23.8368764
23.94217181
24.04746723
24.15276264
24.25805806
24.36335347
24.47366296
24.57895837
24.68926786
24.79957734
24.90487275
25.01518224
25.12549172
25.2358012
25.34611068
25.46143423
25.57174372
25.6820532
25.79737675
25.90768623
26.02300978
26.13833333
26.25365688
26.36898043
26.48430398
26.59962753
26.71996515
26.8352887
26.95562632
27.07094987
27.19128749
27.3116251
27.43196272
27.55230034
27.67263796
27.79798964
27.91832726
28.04367894
28.16401656
28.28936825
28.41471993
28.54007162
28.6654233
28.79077498
28.91612667
29.04147835
29.17184411
29.30220986
29.42756154
29.5579273
29.68829305
29.8186588
29.94902455
30.08440437
30.21477013
30.34513588
30.4805157
30.61589552
30.75127534
30.88665516
31.02203498
31.1574148
31.29279462
31.4331885
31.56856832
31.70896221
31.8493561
31.98974998
32.13014387
32.27053776
32.41594571
32.5563396
32.70174755
32.84214144
32.9875494
33.13295735
33.2783653
33.42377326
33.57419528
33.71960323
33.87002526
34.01543321
34.16585523
34.31627725
34.46669928
34.62213537
34.77255739
34.92799348
35.0784155
35.23385159
35.38928768
35.54472377
35.70015986
35.86061001
36.0160461
36.17649626
36.33193235
36.4923825
36.65283266
36.81328282
36.97874704
37.1391972
37.30466142
37.47012565
37.6305758
37.79604003
37.96651832
38.13198254
38.29744677
38.46792506
38.63840335
38.80888164
38.97935993
39.14983822
39.32031652
39.49580887
39.67130123
39.84177952
40.01727188
40.19276424
40.37327067
40.54876303
40.72926945
40.90476181
41.08526824
41.26577466
41.45129516
41.63180158
41.81732208
41.9978285
42.183349
42.36886949
42.55438999
42.74492455
42.93044504
43.1209796
43.31151416
43.50204872
43.69258328
43.88311785
44.07866647
44.2742151
44.46474966
44.66029829
44.86086099
45.05640962
45.25697231
45.45252094
45.65308364
45.85364633
46.05420903
46.25978579
46.46034849
46.66592525
46.87150201
47.07707878
47.28766961
47.49324637
47.7038372
47.91442803
48.12501886
48.33560969
48.54620052
48.76180542
48.97741032
49.19301522
49.40862012
49.62422501
49.84484398
50.06546294
50.28608191
50.50670087
50.72731984
50.95295287
51.17357184
51.39920487
51.6248379
51.855485
52.08111804
52.31176514
52.54241224
52.77305934
53.00370644
53.23936761
53.47001471
53.70567587
53.94635111
54.18201228
54.41767344
54.65834868
54.89902391
55.13969915
55.38538845
55.62606369
55.87175299
56.11744229
56.36814566
56.61383496
56.86453833
57.1152417
57.36594507
57.61664844
57.87236588
58.12306925
58.37878669
58.63951819
58.89523563
59.15596713
59.41669864
59.67743014
59.93816165
60.20390722
60.46965279
60.73539836
61.00114393
61.27190357
61.53764915
61.80840878
62.08418249
62.35494213
62.63071584
62.90648954
63.18226325
63.46305102
63.73882473
64.01961251
64.30040028
64.58620212
64.87200396
65.15279174
65.44360765
65.72940949
66.0202254
66.31104131
66.60185721
66.89267312
67.1885031
67.48433308
67.78016305
68.0810071
68.38185114
68.68269518
68.98353923
69.28438327
69.59024138
69.89609949
70.20697167
70.51282978
70.82370196
71.13457414
71.45046039
71.76133256
72.07721881
72.39811912
72.71400537
73.03490568
73.355806
73.68172038
74.00262069
74.32853507
74.65444945
74.9853779
75.31630635
75.6472348
75.97816324
76.31410576
76.65004828
76.98599079
77.32694737
77.66790396
78.00886054
78.34981712
78.69578777
79.04175842
79.39274314
79.73871379
80.08969851
80.44068323
80.79668201
81.1526808
81.50867958
81.86969243
82.23070529
82.59171814
82.95273099
83.31875791
83.68478483
84.05582582
84.42185274
84.79790779
85.16894878
85.54500383
85.92105889
86.29711394
86.67818307
87.05925219
87.44032131
87.8264045
88.21248769
88.60358495
88.9946822
89.38577946
89.77687672
90.17298804
90.56909936
90.97022476
91.36633608
91.77247554
92.17360093
92.57974039
92.98587985
93.39703338
93.8081869
94.21934043
94.63550802
95.05167562
95.46784321
95.88902487
96.31020653
96.73640226
97.16259799
97.58879372
98.02000351
98.45121331
98.88242311
99.31864697
99.75487083
100.1961088
100.6373467
101.0785846
101.5248366
101.9710886
102.4173406
102.8686067
103.3198728
103.7761529
104.232433
104.6937272
105.1550214
105.6163156
106.0826239
106.5489322
107.0152404
107.4865628
107.9628992
108.4342215
108.9105579
109.3919084
109.8732588
110.3596234
110.8409738
111.3323524
111.818717
112.3151097
112.8064883
113.3028809
113.8042877
114.3006803
114.8071012
115.313522
115.8199428
116.3263636
116.8428125
117.3542474
117.8706963
118.3921593
118.9086083
119.4350854
119.9615624
120.4880395
121.0195307
121.5510218
122.087527
122.6240322
123.1605374
123.7070708
124.2485901
124.7951234
125.3466708
125.8982182
126.4497656
127.0063271
127.5679027
128.1294782
128.6910538
129.2576434
129.8292471
130.3958367
130.9724544
131.5490722
132.1256899
132.7073218
133.2939676
133.8806135
134.4672594
135.0589194
135.6555934
136.2522674
136.8539555
137.4556436
138.0573317
138.6640338
139.27575
139.8874663
140.5041966
141.1259409
141.7426712
142.3694296
142.9961881
143.6229465
144.254719
144.8915055
145.5282921
146.1700927
146.8118933
147.458708
148.1055227
148.7573515
149.4141943
150.0710371
150.732894
151.3947509
152.0616219
152.7335069
153.405392
154.077277
154.7541761
155.4360893
156.1230165
156.8099437
157.496871
158.1938263
158.8907817
159.5877371
160.2897065
160.99669
161.7036735
162.4156711
163.1326827
163.8496944
164.5717201
165.2937458
166.0207855
166.7528394
167.4848932
168.2219611
168.9640431
169.7061251
170.4532211
171.2053312
171.9574413
172.7145655
173.4716897
174.238842
175.0059943
175.7731466
176.5503271
177.3275075
178.104688
178.8918965
179.6791051
180.4663137
181.2635504
182.0607871
182.8630379
183.6652887
184.4725535
185.2848325
186.1021255
186.9194184
187.7417255
188.5690466
189.3963677
190.233717
191.0710662
191.9084155
192.7557929
193.6031703
194.4555617
195.3129673
196.1703728
197.0327924
197.900226
198.7726738
199.6451215
200.5275973
201.4100732
202.2925491
203.1850531
204.0775571
204.9750751
205.8776073
206.7851535
207.6977137
208.610274
209.5278483
210.4504367
211.3780392
212.3056417
213.2382582
214.1809029
215.1235475
216.0661922
217.018865
217.9765519
218.9342388
219.8969397
220.8646547
221.8373838
222.8151269
223.7928701
224.7806413
225.7684126
226.761198
227.7589974
228.7618109
229.7696384
230.78248
231.7953216
232.8181914
233.8410611
234.8689449
235.9018428
236.9397548
237.9826808
239.0306209
240.083575
241.1415433
242.1995115
243.2675078
244.3405183
245.4135287
246.4915532
247.5796058
248.6676584
249.7607251
250.8638199
251.9669148
253.0750237
254.1881466
255.3062836
256.4294347
257.5575999
258.6907791
259.8289724
260.9721798
262.1254153
263.2786508
264.4369004
265.600164
266.7684417
267.9417335
269.1200393
270.3083733
271.4967073
272.6900553
273.8884174
275.0968077
276.3051979
277.5236163
278.7420347
279.9704812
281.2039417
282.4424164
283.6859051
284.9344079
286.1879247
287.4464556
288.7100006
289.9835738
291.2571469
292.5407481
293.8243494
295.1179788
296.4166222
297.7252938
299.0339654
300.3476511
301.6713649
303.0000927
304.3338346
305.6725906
307.0163607
308.3701589
309.7239571
311.0877834
312.4566238
313.8304783
315.2143609
316.6032576
317.9921542
319.3960931
320.800032
322.213999
323.627966
325.0519611
326.4859844
327.9200077
329.3640591
330.8131246
332.2722182
333.7313118
335.2004335
336.6745693
338.1587333
339.6479113
341.1421034
342.6413095
344.1505438
345.6647922
347.1840546
348.7133452
350.2476498
351.7919825
353.3363153
354.8956903
356.4550652
358.0244683
359.5988855
361.1833308
362.7727901
364.3672636
365.9717651
367.5812808
369.2008245
370.8253824
372.4599683
374.0945543
375.7441825
377.3988247
379.058481
380.7281655
382.402864
384.0825766
385.7773313
387.4720861
389.176869
390.8916801
392.6115052
394.3413585
396.0762258
397.8161072
399.5710307
401.3259543
403.0909061
404.8658859
406.6508939
408.440916
410.2359521
412.0410164
413.8561088
415.6762152
417.5063498
419.3414985
421.1866753
423.0418802
424.9020992
426.7723464
428.6526216
430.537911
432.4332285
434.3385741
436.2489337
438.1693216
440.0947234
442.0351675
443.9806257
445.9310979
447.8966123
449.8671408
451.8476974
453.8332681
455.833881
457.839508
459.855163
461.8758322
463.9115436
465.952269
468.0030226
470.0638043
472.1296
474.210438
476.29629
478.3921702
480.4980785
482.614015
484.7349655
486.8709582
489.0119649
491.1629999
493.3240629
495.4951541
497.6762734
499.8674209
502.0685964
504.2798002
506.496018
508.7272779
510.963552
513.2148683
515.4711986
517.7425711
520.0189577
522.3103865
524.6068294
526.9183145
529.2348136
531.5663549
533.9029103
536.2545079
538.6161337
540.9827735
543.3644555
545.7561657
548.1579039
550.5696704
552.9914649
555.4283017
557.8701525
560.3270455
562.7939667
565.270916
567.7578934
570.254899
572.7669467
575.2890226
577.8211267
580.3632588
582.9154191
585.4826216
588.0598523
590.6471111
593.244398
595.8567271
598.4790843
601.1114697
603.7588973
606.416353
609.0838369
611.7663629
614.4589171
617.1614994
619.879124
622.6067766
625.3444574
628.0971804
630.8649456
633.6377249
636.4255464
639.2284101
642.0413019
644.8692359
647.707198
650.5551883
653.4182208
656.2962955
659.1843983
662.0825292
665.0007165
667.9239178
670.8671753
673.8154469
676.7837748
679.7621309
682.750515
685.7589555
688.7774241
691.8059208
694.8494597
697.9080408
700.9816641
704.0653155
707.1640092
710.277745
713.401509
716.5453293
719.6941636
722.8630542
726.046987
729.2409479
732.4499511
735.6739964
738.9130839
742.1621996
745.4313716
748.7105716
752.0048139
755.3140984
758.6384251
761.977794
765.332205
768.7016583
772.0811398
775.4806775
778.8952574
782.3198654
785.7645297
789.2242362
792.6939708
796.1837617
799.6885948
803.2084702
806.7433877
810.2933474
813.8583493
817.4434075
821.0384938
824.6536364
828.2838212
831.9290482
835.5893174
839.2646288
842.9599965
846.6704063
850.3958584
854.1363527
857.8969032
861.672496
865.4631309
869.2738222
873.0995556
876.9453453
880.8011631
884.6770372
888.5729676
892.4839401
896.4099549
900.3560259
904.3171392
908.2983087
912.2945204
916.3107884
920.3420986
924.393465
928.4598737
932.5463386
936.6528598
940.7744232
944.9160429
949.0727048
953.2494229
957.4461973
961.6580139
965.8898868
970.141816
974.4138014
978.700829
983.0079129
987.3350531
991.6822495
996.0444881
1000.426783
1004.829134
1009.251542
1013.694005
1018.156525
1022.639102
1027.13672
1031.659409
1036.19714
1040.759941
1045.337785
1049.940699
1054.558655
1059.201681
1063.864764
1068.547903
1073.251098
1077.974349
1082.717657
1087.481021
1092.269456
1097.072932
1101.901479
1106.750082
1111.623756
1116.517485
1121.431271
1126.365114
1131.324026
1136.302995
1141.302021
1146.326116
1151.370268
1156.43949
1161.528768
1166.638103
1171.772508
1176.931983
1182.111515
1187.311103
1192.535761
1197.78549
1203.055275
1208.35013
1213.670055
1219.010037
1224.375089
1229.765212
1235.17539
1240.615653
1246.070959
1251.556349
1257.066809
1262.597325
1268.152912
1273.733569
1279.339296
1284.970094
1290.625962
1296.3069
1302.012909
1307.743988
1313.500137
1319.281357
1325.087647
1330.919007
1336.775438
1342.656939
1348.568524
1354.500166
1360.461892
1366.448689
1372.46557
1378.502507
1384.569528
1390.666634
1396.783797
1402.931043
1409.108374
1415.310776
1421.538247
1427.795803
1434.07843
1440.391141
1446.728922
1453.096787
1459.489723
1465.912744
1472.365848
1478.844024
1485.352283
1491.890627
1498.459055
1505.052554
1511.676137
1518.329804
1525.008542
1531.722378
1538.461285
1545.23529
1552.034365
1558.863525
1565.727783
1572.617112
1579.536525
1586.491036
1593.470618
1600.485299
1607.530063
1614.604912
1621.709846
1628.844864
1636.01498
1643.215181
1650.445466
1657.71085
1665.006318
1672.33187
1679.692521
1687.088271
1694.50909
1701.970023
1709.461039
1716.98214
1724.53834
1732.129638
1739.75102
1747.407501
1755.099081
1762.825759
1770.582521
1778.374382
1786.201341
1794.063399
1801.960555
1809.887795
1817.855148
1825.852586
1833.890136
1841.962784
1850.065517
1858.208363
1866.386307
1874.604363
1882.852504
1891.140757
1899.464109
1907.82256
1916.216108
1924.64977
1933.123544
1941.627402
1950.176387
1958.755456
1967.379652
1976.038947
1984.733339
1993.467845
2002.242463
2011.052179
2019.902008
2028.79195
2037.722004
2046.69217
2055.697435
2064.747827
2073.833317
2082.95892
2092.124635
2101.335477
2110.581417
2119.872484
2129.198649
2138.569941
2147.981346
2157.437877
2166.93452
2176.471277
2186.048145
2195.670141
2205.332248
2215.039483
2224.78683
2234.579304
2244.41189
2254.289603
2264.212442
2274.175394
2284.183472
2294.236677
2304.335009
2314.473453
2324.662038
2334.890736
2345.169574
2355.488525
2365.857616
2376.26682
2386.726165
2397.230636
2407.780234
2418.379972
2429.019823
2439.709815
2450.449947
2461.235206
2472.065592
2482.946118
2493.871771
2504.847564
2515.873499
2526.944559
2538.065761
2549.237103
2560.453572
2571.725195
2583.041945
2594.408836
2605.830882
2617.298054
2628.815367
