4.453244739
3.073940436
2.489121225
2.146605564
1.915117073
1.745288096
1.613858701
1.508247733
1.420978203
1.34729071
1.283992679
1.18025514
1.098181193
1.031148812
0.9750622312
0.9058170333
0.8495005064
0.8025335737
0.7505406973
0.697853068
0.6549074809
0.6125387731
0.5721834832
0.5388895424
0.5035668758
0.4714670505
0.4400283198
0.4122103581
0.3858844903
0.3614286909
0.3389724901
0.3167358042
0.2969858517
0.2782147478
0.2607502418
0.2443323788
0.2288659141
0.2148566575
0.2016211694
0.189417753
0.1782189227
0.1680109257
0.1586973234
0.1502537516
0.1426935463
0.136045945
0.1303424403
0.1255655349
0.121770717
0.1189655592
0.1171574257
0.1163773614
0.1166256607
0.1179049342
0.1202038262
0.1235014685
0.1277855934
0.1330283933
0.1392059151
0.146323881
0.1543482131
0.1632960453
0.1731724747
0.1839915231
0.1957801405
0.2085804691
0.2224219388
0.2373722991
0.2534854443
0.2708373956
0.2895054143
0.3095919304
0.3311920609
0.3544246274
0.3794174608
0.4063207788
0.4352940256
0.466514962
0.5001947324
0.5365616772
0.5758707636
0.6184181675
0.664534119
0.7146004924
0.7690482677
0.8283690462
0.8931310916
0.9639826484
1.041676036
1.127068956
1.221159285
1.325092713
