0.2686617966
0.1900285932
0.1552149891
0.1344535094
0.120231451
0.1097242458
0.10159787
0.09501672886
0.08961514055
0.08505031555
0.08109699485
0.07460002741
0.06944538535
0.065238198
0.06168735858
0.05731866346
0.05380112557
0.05086518506
0.04760227509
0.04430273992
0.04162098137
0.03893131949
0.03637114637
0.03424452595
0.03198160761
0.02991255495
0.02790016644
0.02612153692
0.02443505902
0.02285065074
0.02138455519
0.0199587817
0.0187098817
0.01753101701
0.01644527793
0.01541720936
0.0144158944
0.01346580863
0.01253856013
0.01171620517
0.01095265241
0.01026768846
0.009639095237
0.009065264036
0.008522721444
0.007994522597
0.007491773477
0.007010153323
0.00655455633
0.00612377126
0.005760249214
0.005408433198
0.005060899887
0.004741276345
0.004451393379
0.004184119406
0.003957434789
0.003765865049
0.003592225744
0.003448933526
0.00332468269
0.003227767946
0.003180906459
0.003176538357
0.003203326395
0.00325296212
0.003324220177
0.003428395152
0.003568726941
0.003738771831
0.003945053379
0.004196248314
0.004463856819
0.004738693462
0.005044038213
0.005373118869
0.005748199636
0.006172232397
0.006661937943
0.007225645957
0.007875909826
0.008617486729
0.009444184976
0.01027735172
0.01102175307
0.01162000747
0.01210383044
0.0126829873
0.01347266909
0.01507901737
0.0171454385
0.019048211
