4.100679888
2.900929615
2.36960829
2.051472091
1.834476071
1.674382769
1.549702601
1.449217968
1.366179626
1.295944161
1.23599156
1.137922394
1.060283455
0.9967132804
0.9437805096
0.8781278088
0.8246319998
0.779845809
0.7300024199
0.6792633396
0.6376810123
0.5964234847
0.5567127118
0.5242868869
0.4901164889
0.4590446948
0.4290403478
0.4026716489
0.3770776713
0.3530635613
0.3307198666
0.3079992891
0.287497008
0.2687431397
0.251537031
0.235452834
0.2202135573
0.2067214533
0.1940492136
0.1821850943
0.1709611965
0.1606310056
0.1509450175
0.1418652173
0.1339295596
0.127553505
0.1219730416
0.1170936501
0.1132543086
0.1096448658
0.1062871676
0.1035446904
0.1014005143
0.0997278171
0.09878714256
0.09873509604
0.09942950041
0.1012233895
0.1040632512
0.1077257532
0.111989071
0.1167098172
0.121808163
0.127587966
0.1336836177
0.1401407298
0.1472166232
0.1549439124
0.1635569762
0.1743612833
0.1882733178
0.2056502193
0.226307005
0.249918611
0.2762393343
0.3048858467
0.3358604915
0.3692161384
0.4058159402
0.4457693577
0.4905919726
0.542397223
0.6033362551
0.6728002067
0.7461169884
0.8211527371
0.8951515985
0.9622000315
1.014057104
1.085320481
1.202465429
1.345844397
